// Skill Requirements Database
//
// Structure of Database:
// SkillID,HPCost,MaxHPTrigger,SPCost,HPRateCost,SPRateCost,ZenyCost,RequiredWeapons,RequiredAmmoTypes,RequiredAmmoAmount,RequiredState,RequiredStatuses,SpiritSphereCost,RequiredItemID1,RequiredItemAmount1,RequiredItemID2,RequiredItemAmount2,RequiredItemID3,RequiredItemAmount3,RequiredItemID4,RequiredItemAmount4,RequiredItemID5,RequiredItemAmount5,RequiredItemID6,RequiredItemAmount6,RequiredItemID7,RequiredItemAmount7,RequiredItemID8,RequiredItemAmount8,RequiredItemID9,RequiredItemAmount9,RequiredItemID10,RequiredItemAmount10,RequiredEquipment
//
// If HP/SPratecost is positive, it is a percent of your current life, otherwise it is a percent of your max life.
//
// Legend for 'RequiredState' field:
//  none = Nothing special
//  hidden = Requires on hidden status by using Hiding, Cloaking, or maybe Chasewalk
//  riding = Requires to ride either a peco or a dragon
//  falcon = Requires a Falcon
//  cart = Requires a Pushcart
//  shield = Requires a 0,shield equipped
//  recover_weight_rate = Requires to be less than 50% weight
//  move_enable = Requires to be able to move
//  water = Requires to be standing on a water cell
//  dragon = Requires to ride a Dragon
//  warg = Requires a Warg
//  ridingwarg = Requires to ride a Warg
//  mado = Requires to have an active mado
//  elementalspirit = Requires to have an Elemental Spirit summoned.
//  elementalspirit2 = Requires to have an Elemental Spirit summoned, and will be removed.
//  peco = Requires riding a peco
//
// 'RequiredStatuses'
//	Fill the value only with SC_STATUS (see db/const.txt for more details)
//	Usage for multiple status requirements: SC_STATUS1:SC_STATUS2:SC_STATUS3
//	Max. multiple value is 3 (skill.h: MAX_SKILL_STATUS_REQUIRE)
//	Use any number or SC_ALL will disable status requirements
// 'RequiredEquipment'
//	Specified equipment to be equipped. For multiple values, use : as delimiter.
//	Max. multiple value is 10 (skill.h: MAX_SKILL_EQUIP_REQUIRE)

//****
// SM Swordman
5,0,0,8:8:8:8:8:15:15:15:15:15,0,0,0,0:1:2:3:4:5:6:7:8:9:10:12:13:14:15:16:17:18:19:20:21:22,0,0,none,0,0,0,0,0,0,0,0,0,0,0,0,0,0,0,0,0,0,0,0,0,0,0	//SM_BASH
6,0,0,4:5:6:7:8:9:10:11:12:13,0,0,0,99,0,0,none,0,0,0,0,0,0,0,0,0,0,0,0,0,0,0,0,0,0,0,0,0,0,0			//SM_PROVOKE
7,20:20:19:19:18:18:17:17:16:16,0,30,0,0,0,99,0,0,none,0,0,0,0,0,0,0,0,0,0,0,0,0,0,0,0,0,0,0,0,0,0,0	//SM_MAGNUM
8,0,0,10,0,0,0,99,0,0,none,0,0,0,0,0,0,0,0,0,0,0,0,0,0,0,0,0,0,0,0,0,0,0								//SM_ENDURE

//****
// MG Mage
10,0,0,10,0,0,0,99,0,0,none,0,0,0,0,0,0,0,0,0,0,0,0,0,0,0,0,0,0,0,0,0,0,0								//MG_SIGHT
11,0,0,9:9:9:12:12:12:15:15:15:18,0,0,0,99,0,0,none,0,0,0,0,0,0,0,0,0,0,0,0,0,0,0,0,0,0,0,0,0,0,0		//MG_NAPALMBEAT
12,0,0,30:30:30:35:35:35:40:40:40:40,0,0,0,99,0,0,none,0,0,717,1,0,0,0,0,0,0,0,0,0,0,0,0,0,0,0,0,0,0,0	//MG_SAFETYWALL
13,0,0,18:14:24:20:30:26:36:32:42:38,0,0,0,99,0,0,none,0,0,0,0,0,0,0,0,0,0,0,0,0,0,0,0,0,0,0,0,0,0,0	//MG_SOULSTRIKE
14,0,0,12:14:16:18:20:22:24:26:28:30,0,0,0,99,0,0,none,0,0,0,0,0,0,0,0,0,0,0,0,0,0,0,0,0,0,0,0,0,0,0	//MG_COLDBOLT
15,0,0,25:24:23:22:21:20:19:18:17:16,0,0,0,99,0,0,none,0,0,0,0,0,0,0,0,0,0,0,0,0,0,0,0,0,0,0,0,0,0,0	//MG_FROSTDIVER
16,0,0,25:24:23:22:21:20:19:18:17:16,0,0,0,99,0,0,none,0,0,716,1,0,0,0,0,0,0,0,0,0,0,0,0,0,0,0,0,0,0,0	//MG_STONECURSE
17,0,0,25,0,0,0,99,0,0,none,0,0,0,0,0,0,0,0,0,0,0,0,0,0,0,0,0,0,0,0,0,0,0								//MG_FIREBALL
18,0,0,40,0,0,0,99,0,0,none,0,0,0,0,0,0,0,0,0,0,0,0,0,0,0,0,0,0,0,0,0,0,0								//MG_FIREWALL
19,0,0,12:14:16:18:20:22:24:26:28:30,0,0,0,99,0,0,none,0,0,0,0,0,0,0,0,0,0,0,0,0,0,0,0,0,0,0,0,0,0,0	//MG_FIREBOLT
20,0,0,12:14:16:18:20:22:24:26:28:30,0,0,0,99,0,0,none,0,0,0,0,0,0,0,0,0,0,0,0,0,0,0,0,0,0,0,0,0,0,0	//MG_LIGHTNINGBOLT
21,0,0,29:34:39:44:49:54:59:64:69:74,0,0,0,99,0,0,none,0,0,0,0,0,0,0,0,0,0,0,0,0,0,0,0,0,0,0,0,0,0,0	//MG_THUNDERSTORM

//****
// AL Acolyte
24,0,0,10,0,0,0,99,0,0,none,0,0,0,0,0,0,0,0,0,0,0,0,0,0,0,0,0,0,0,0,0,0,0								//AL_RUWACH
25,0,0,10,0,0,0,99,0,0,none,0,0,0,0,0,0,0,0,0,0,0,0,0,0,0,0,0,0,0,0,0,0,0								//AL_PNEUMA
26,0,0,10:9,0,0,0,99,0,0,none,0,0,0,0,0,0,0,0,0,0,0,0,0,0,0,0,0,0,0,0,0,0,0								//AL_TELEPORT
27,0,0,35:32:29:26,0,0,0,99,0,0,none,0,0,717,1,0,0,0,0,0,0,0,0,0,0,0,0,0,0,0,0,0,0,0					//AL_WARP
28,0,0,13:16:19:22:25:28:31:34:37:40,0,0,0,99,0,0,none,0,0,0,0,0,0,0,0,0,0,0,0,0,0,0,0,0,0,0,0,0,0,0	//AL_HEAL
29,15,0,18:21:24:27:30:33:36:39:42:45,0,0,0,99,0,0,none,0,0,0,0,0,0,0,0,0,0,0,0,0,0,0,0,0,0,0,0,0,0,0	//AL_INCAGI
30,0,0,15:17:19:21:23:25:27:29:31:33,0,0,0,99,0,0,none,0,0,0,0,0,0,0,0,0,0,0,0,0,0,0,0,0,0,0,0,0,0,0	//AL_DECAGI
31,0,0,10,0,0,0,99,0,0,water,0,0,0,0,0,0,0,0,0,0,0,0,0,0,0,0,0,0,0,0,0,0,0								//AL_HOLYWATER
32,0,0,35,0,0,0,99,0,0,none,0,0,0,0,0,0,0,0,0,0,0,0,0,0,0,0,0,0,0,0,0,0,0								//AL_CRUCIS
33,0,0,23:26:29:32:35:38:41:44:47:50,0,0,0,99,0,0,none,0,0,0,0,0,0,0,0,0,0,0,0,0,0,0,0,0,0,0,0,0,0,0	//AL_ANGELUS
34,0,0,28:32:36:40:44:48:52:56:60:64,0,0,0,99,0,0,none,0,0,0,0,0,0,0,0,0,0,0,0,0,0,0,0,0,0,0,0,0,0,0	//AL_BLESSING
35,0,0,15,0,0,0,99,0,0,none,0,0,0,0,0,0,0,0,0,0,0,0,0,0,0,0,0,0,0,0,0,0,0								//AL_CURE

//****
// MC Merchant
40,0,0,10,0,0,0,99,0,0,none,0,0,0,0,0,0,0,0,0,0,0,0,0,0,0,0,0,0,0,0,0,0,0								//MC_IDENTIFY
41,0,0,30,0,0,0,99,0,0,cart,0,0,0,0,0,0,0,0,0,0,0,0,0,0,0,0,0,0,0,0,0,0,0								//MC_VENDING
42,0,0,5,0,0,100:200:300:400:500:600:700:800:900:1000,99,0,0,none,0,0,0,0,0,0,0,0,0,0,0,0,0,0,0,0,0,0,0,0,0,0,0	//MC_MAMMONITE

//****
// AC Archer
45,0,0,25:30:35:40:45:50:55:60:65:70,0,0,0,99,0,0,none,0,0,0,0,0,0,0,0,0,0,0,0,0,0,0,0,0,0,0,0,0,0,0	//AC_CONCENTRATION
46,0,0,12,0,0,0,11,1,1,none,0,0,0,0,0,0,0,0,0,0,0,0,0,0,0,0,0,0,0,0,0,0,0								//AC_DOUBLE
47,0,0,15,0,0,0,11,1,1,none,0,0,0,0,0,0,0,0,0,0,0,0,0,0,0,0,0,0,0,0,0,0,0								//AC_SHOWER

//****
// TF Thief
50,0,0,10,0,0,0,99,0,0,none,0,0,0,0,0,0,0,0,0,0,0,0,0,0,0,0,0,0,0,0,0,0,0								//TF_STEAL
51,0,0,10,0,0,0,99,0,0,none,0,0,0,0,0,0,0,0,0,0,0,0,0,0,0,0,0,0,0,0,0,0,0								//TF_HIDING
52,0,0,12,0,0,0,99,0,0,none,0,0,0,0,0,0,0,0,0,0,0,0,0,0,0,0,0,0,0,0,0,0,0								//TF_POISON
53,0,0,10,0,0,0,99,0,0,none,0,0,0,0,0,0,0,0,0,0,0,0,0,0,0,0,0,0,0,0,0,0,0								//TF_DETOXIFY

54,0,0,60,0,0,0,99,0,0,none,0,0,717,1,0,0,0,0,0,0,0,0,0,0,0,0,0,0,0,0,0,0,0								//ALL_RESURRECTION

//****
// KN Knight
56,0,0,7,0,0,0,4:5,0,0,none,0,0,0,0,0,0,0,0,0,0,0,0,0,0,0,0,0,0,0,0,0,0,0								//KN_PIERCE
57,0,0,12,0,0,0,4:5,0,0,riding,0,0,0,0,0,0,0,0,0,0,0,0,0,0,0,0,0,0,0,0,0,0,0							//KN_BRANDISHSPEAR
58,0,0,9,0,0,0,4:5,0,0,none,0,0,0,0,0,0,0,0,0,0,0,0,0,0,0,0,0,0,0,0,0,0,0								//KN_SPEARSTAB
59,0,0,10,0,0,0,4:5,0,0,none,0,0,0,0,0,0,0,0,0,0,0,0,0,0,0,0,0,0,0,0,0,0,0								//KN_SPEARBOOMERANG
60,0,0,14:18:22:26:30:34:38:42:46:50,0,0,0,3,0,0,none,0,0,0,0,0,0,0,0,0,0,0,0,0,0,0,0,0,0,0,0,0,0,0		//KN_TWOHANDQUICKEN
61,0,0,3,0,0,0,0:1:2:3:4:5:6:7:8:9:10:12:13:14:15:16:17:18:19:20:21:22,0,0,none,0,0,0,0,0,0,0,0,0,0,0,0,0,0,0,0,0,0,0,0,0,0,0	//KN_AUTOCOUNTER
62,0,0,13:14:15:16:17:18:19:20:21:22,0,0,0,99,0,0,none,0,0,0,0,0,0,0,0,0,0,0,0,0,0,0,0,0,0,0,0,0,0,0	//KN_BOWLINGBASH

//****
// PR Priest
66,0,0,13:16:19:22:25,0,0,0,99,0,0,none,0,0,0,0,0,0,0,0,0,0,0,0,0,0,0,0,0,0,0,0,0,0,0					//PR_IMPOSITIO
67,0,0,8,0,0,0,99,0,0,none,0,0,0,0,0,0,0,0,0,0,0,0,0,0,0,0,0,0,0,0,0,0,0								//PR_SUFFRAGIUM
68,0,0,14:18:22:26:30,0,0,0,99,0,0,none,0,0,523,1,0,0,0,0,0,0,0,0,0,0,0,0,0,0,0,0,0,0,0					//PR_ASPERSIO
69,0,0,20,0,0,0,99,0,0,none,0,0,0,0,0,0,0,0,0,0,0,0,0,0,0,0,0,0,0,0,0,0,0								//PR_BENEDICTIO
70,0,0,15:18:21:24:27:30:33:36:39:42,0,0,0,99,0,0,none,0,0,717,1,0,0,0,0,0,0,0,0,0,0,0,0,0,0,0,0,0,0,0	//PR_SANCTUARY
71,0,0,6:8:10:12,0,0,0,99,0,0,none,0,0,0,0,0,0,0,0,0,0,0,0,0,0,0,0,0,0,0,0,0,0,0						//PR_SLOWPOISON
72,0,0,5,0,0,0,99,0,0,none,0,0,0,0,0,0,0,0,0,0,0,0,0,0,0,0,0,0,0,0,0,0,0								//PR_STRECOVERY
73,0,0,20:20:20:25:25:25:30:30:30:35,0,0,0,99,0,0,none,0,0,0,0,0,0,0,0,0,0,0,0,0,0,0,0,0,0,0,0,0,0,0	//PR_KYRIE
74,0,0,40,0,0,0,99,0,0,none,0,0,0,0,0,0,0,0,0,0,0,0,0,0,0,0,0,0,0,0,0,0,0								//PR_MAGNIFICAT
75,0,0,20,0,0,0,99,0,0,none,0,0,0,0,0,0,0,0,0,0,0,0,0,0,0,0,0,0,0,0,0,0,0								//PR_GLORIA
76,0,0,20:20:20:20:20:18:16:14:12:10,0,0,0,99,0,0,none,0,0,0,0,0,0,0,0,0,0,0,0,0,0,0,0,0,0,0,0,0,0,0	//PR_LEXDIVINA
77,0,0,20,0,0,0,99,0,0,none,0,0,0,0,0,0,0,0,0,0,0,0,0,0,0,0,0,0,0,0,0,0,0								//PR_TURNUNDEAD
78,0,0,10,0,0,0,99,0,0,none,0,0,0,0,0,0,0,0,0,0,0,0,0,0,0,0,0,0,0,0,0,0,0								//PR_LEXAETERNA
79,0,0,40:42:44:46:48:50:52:54:56:58,0,0,0,99,0,0,none,0,0,717,1,0,0,0,0,0,0,0,0,0,0,0,0,0,0,0,0,0,0,0	//PR_MAGNUS

//****
// WZ Wizard
80,0,0,75,0,0,0,99,0,0,none,0,0,0,0,0,0,0,0,0,0,0,0,717,1,717,1,717,1,717,1,717,1,0						//WZ_FIREPILLAR
81,0,0,35:37:39:41:43:45:47:49:51:53,0,0,0,99,0,0,none,SC_SIGHT,0,0,0,0,0,0,0,0,0,0,0,0,0,0,0,0,0,0,0,0,0,0	//WZ_SIGHTRASHER
83,0,0,20:24:30:34:40:44:50:54:60:64,0,0,0,99,0,0,none,0,0,0,0,0,0,0,0,0,0,0,0,0,0,0,0,0,0,0,0,0,0,0	//WZ_METEOR
84,0,0,20:23:26:29:32:35:38:41:44:47,0,0,0,99,0,0,none,0,0,0,0,0,0,0,0,0,0,0,0,0,0,0,0,0,0,0,0,0,0,0	//WZ_JUPITEL
85,0,0,60:64:68:72:76:80:84:88:92:96,0,0,0,99,0,0,none,0,0,0,0,0,0,0,0,0,0,0,0,0,0,0,0,0,0,0,0,0,0,0	//WZ_VERMILION
86,0,0,15:20:20:25:25:25:25:25:25:25,0,0,0,99,0,0,water,0,0,0,0,0,0,0,0,0,0,0,0,0,0,0,0,0,0,0,0,0,0,0	//WZ_WATERBALL
87,0,0,20,0,0,0,99,0,0,none,0,0,0,0,0,0,0,0,0,0,0,0,0,0,0,0,0,0,0,0,0,0,0								//WZ_ICEWALL
88,0,0,45:43:41:39:37:35:33:31:29:27,0,0,0,99,0,0,none,0,0,0,0,0,0,0,0,0,0,0,0,0,0,0,0,0,0,0,0,0,0,0	//WZ_FROSTNOVA
89,0,0,78,0,0,0,99,0,0,none,0,0,0,0,0,0,0,0,0,0,0,0,0,0,0,0,0,0,0,0,0,0,0								//WZ_STORMGUST
90,0,0,12:14:16:18:20,0,0,0,99,0,0,none,0,0,0,0,0,0,0,0,0,0,0,0,0,0,0,0,0,0,0,0,0,0,0					//WZ_EARTHSPIKE
91,0,0,28:32:36:40:44,0,0,0,99,0,0,none,0,0,0,0,0,0,0,0,0,0,0,0,0,0,0,0,0,0,0,0,0,0,0					//WZ_HEAVENDRIVE
92,0,0,5:10:15:20:25,0,0,0,99,0,0,none,0,0,0,0,0,0,0,0,0,0,0,0,0,0,0,0,0,0,0,0,0,0,0					//WZ_QUAGMIRE
93,0,0,10,0,0,0,99,0,0,none,0,0,0,0,0,0,0,0,0,0,0,0,0,0,0,0,0,0,0,0,0,0,0								//WZ_ESTIMATION

//****
// BS Blacksmith
108,0,0,30,0,0,0,99,0,0,none,0,0,0,0,0,0,0,0,0,0,0,0,0,0,0,0,0,0,0,0,0,0,0								//BS_REPAIRWEAPON
110,0,0,10,0,0,0,1:2:6:7:8,0,0,none,0,0,0,0,0,0,0,0,0,0,0,0,0,0,0,0,0,0,0,0,0,0,0						//BS_HAMMERFALL
111,0,0,20:23:26:29:32,0,0,0,6:7:8,0,0,none,0,0,0,0,0,0,0,0,0,0,0,0,0,0,0,0,0,0,0,0,0,0,0				//BS_ADRENALINE
112,0,0,18:16:14:12:10,0,0,0,99,0,0,none,0,0,0,0,0,0,0,0,0,0,0,0,0,0,0,0,0,0,0,0,0,0,0					//BS_WEAPONPERFECT
113,0,0,18:16:14:12:10,0,0,0,1:2:3:4:5:6:7:8:9:10:11:12:13:14:15:16:17:18:19:20:21:22:23,0,0,none,0,0,0,0,0,0,0,0,0,0,0,0,0,0,0,0,0,0,0,0,0,0,0	//BS_OVERTHRUST
114,0,0,10,0,0,0,99,0,0,none,0,0,0,0,0,0,0,0,0,0,0,0,0,0,0,0,0,0,0,0,0,0,0								//BS_MAXIMIZE

//****
// HT Hunter
115,0,0,10,0,0,0,99,0,0,none,0,0,1065,1,0,0,0,0,0,0,0,0,0,0,0,0,0,0,0,0,0,0,0							//HT_SKIDTRAP
116,0,0,10,0,0,0,99,0,0,none,0,0,1065,1,0,0,0,0,0,0,0,0,0,0,0,0,0,0,0,0,0,0,0							//HT_LANDMINE
117,0,0,12,0,0,0,99,0,0,none,0,0,1065,1,0,0,0,0,0,0,0,0,0,0,0,0,0,0,0,0,0,0,0							//HT_ANKLESNARE
118,0,0,45,0,0,0,99,0,0,none,0,0,1065,2,0,0,0,0,0,0,0,0,0,0,0,0,0,0,0,0,0,0,0							//HT_SHOCKWAVE
119,0,0,12,0,0,0,99,0,0,none,0,0,1065,1,0,0,0,0,0,0,0,0,0,0,0,0,0,0,0,0,0,0,0							//HT_SANDMAN
120,0,0,12,0,0,0,99,0,0,none,0,0,1065,2,0,0,0,0,0,0,0,0,0,0,0,0,0,0,0,0,0,0,0							//HT_FLASHER
121,0,0,10,0,0,0,99,0,0,none,0,0,1065,2,0,0,0,0,0,0,0,0,0,0,0,0,0,0,0,0,0,0,0							//HT_FREEZINGTRAP
122,0,0,10,0,0,0,99,0,0,none,0,0,1065,1,0,0,0,0,0,0,0,0,0,0,0,0,0,0,0,0,0,0,0							//HT_BLASTMINE
123,0,0,15,0,0,0,99,0,0,none,0,0,1065,2,0,0,0,0,0,0,0,0,0,0,0,0,0,0,0,0,0,0,0							//HT_CLAYMORETRAP
124,0,0,5,0,0,0,99,0,0,none,0,0,0,0,0,0,0,0,0,0,0,0,0,0,0,0,0,0,0,0,0,0,0								//HT_REMOVETRAP
125,0,0,1,0,0,0,99,0,0,none,0,0,1065,1,0,0,0,0,0,0,0,0,0,0,0,0,0,0,0,0,0,0,0							//HT_TALKIEBOX
129,0,0,10:13:16:19:22,0,0,0,99,0,0,falcon,0,0,0,0,0,0,0,0,0,0,0,0,0,0,0,0,0,0,0,0,0,0,0				//HT_BLITZBEAT
130,0,0,8,0,0,0,99,0,0,falcon,0,0,0,0,0,0,0,0,0,0,0,0,0,0,0,0,0,0,0,0,0,0,0								//HT_DETECTING
131,0,0,10,0,0,0,99,0,0,falcon,0,0,0,0,0,0,0,0,0,0,0,0,0,0,0,0,0,0,0,0,0,0,0							//HT_SPRINGTRAP

//****
// AS Assassin
135,0,0,15,0,0,0,99,0,0,none,0,0,0,0,0,0,0,0,0,0,0,0,0,0,0,0,0,0,0,0,0,0,0								//AS_CLOAKING
136,0,0,16:18:20:22:24:26:28:30:32:34,0,0,0,16,0,0,none,0,0,0,0,0,0,0,0,0,0,0,0,0,0,0,0,0,0,0,0,0,0,0	//AS_SONICBLOW
137,0,0,3,0,0,0,16,0,0,none,SC_HIDING,0,0,0,0,0,0,0,0,0,0,0,0,0,0,0,0,0,0,0,0,0,0						//AS_GRIMTOOTH
138,0,0,20,0,0,0,99,0,0,none,0,0,0,0,0,0,0,0,0,0,0,0,0,0,0,0,0,0,0,0,0,0,0								//AS_ENCHANTPOISON
139,0,0,25:30:35:40:45:50:55:60:45:45,0,0,0,99,0,0,none,0,0,0,0,0,0,0,0,0,0,0,0,0,0,0,0,0,0,0,0,0,0,0	//AS_POISONREACT
140,0,0,20,0,0,0,99,0,0,none,0,0,716,1,0,0,0,0,0,0,0,0,0,0,0,0,0,0,0,0,0,0,0							//AS_VENOMDUST
141,0,0,12:14:16:18:20:22:24:26:28:30,0,0,0,99,0,0,none,0,0,716,1,0,0,0,0,0,0,0,0,0,0,0,0,0,0,0,0,0,0,0	//AS_SPLASHER

//****
// 1st Class Quest Skills
142,0,0,3,0,0,0,99,0,0,none,0,0,0,0,0,0,0,0,0,0,0,0,0,0,0,0,0,0,0,0,0,0,0								//NV_FIRSTAID
143,0,0,5,0,0,0,99,0,0,none,0,0,0,0,0,0,0,0,0,0,0,0,0,0,0,0,0,0,0,0,0,0,0								//NV_TRICKDEAD
146,0,0,1,0,0,0,99,0,0,none,0,0,0,0,0,0,0,0,0,0,0,0,0,0,0,0,0,0,0,0,0,0,0								//SM_AUTOBERSERK
147,0,0,10,0,0,0,99,0,0,recover_weight_rate,0,0,0,0,0,0,0,0,0,0,0,0,0,0,0,0,0,0,0,0,0,0,0				//AC_MAKINGARROW
148,0,0,15,0,0,0,11,1,1,none,0,0,0,0,0,0,0,0,0,0,0,0,0,0,0,0,0,0,0,0,0,0,0								//AC_CHARGEARROW
149,0,0,9,0,0,0,99,0,0,none,0,0,0,0,0,0,0,0,0,0,0,0,0,0,0,0,0,0,0,0,0,0,0								//TF_SPRINKLESAND
150,0,0,7,0,0,0,99,0,0,none,0,0,0,0,0,0,0,0,0,0,0,0,0,0,0,0,0,0,0,0,0,0,0								//TF_BACKSLIDING
151,0,0,3,0,0,0,99,0,0,recover_weight_rate,0,0,0,0,0,0,0,0,0,0,0,0,0,0,0,0,0,0,0,0,0,0,0				//TF_PICKSTONE
152,0,0,2,0,0,0,99,0,0,none,0,0,7049,1,0,0,0,0,0,0,0,0,0,0,0,0,0,0,0,0,0,0,0							//TF_THROWSTONE
153,0,0,12,0,0,0,99,0,0,cart,0,0,0,0,0,0,0,0,0,0,0,0,0,0,0,0,0,0,0,0,0,0,0								//MC_CARTREVOLUTION
154,0,0,40,0,0,0,99,0,0,cart,0,0,0,0,0,0,0,0,0,0,0,0,0,0,0,0,0,0,0,0,0,0,0								//MC_CHANGECART
155,0,0,8,0,0,0,99,0,0,none,0,0,0,0,0,0,0,0,0,0,0,0,0,0,0,0,0,0,0,0,0,0,0								//MC_LOUD
156,0,0,15,0,0,0,99,0,0,none,0,0,0,0,0,0,0,0,0,0,0,0,0,0,0,0,0,0,0,0,0,0,0								//AL_HOLYLIGHT
157,0,0,30,0,0,0,99,0,0,none,0,0,0,0,0,0,0,0,0,0,0,0,0,0,0,0,0,0,0,0,0,0,0								//MG_ENERGYCOAT

//****
// RG Rogue
211,0,0,15,0,0,0,99,0,0,none,0,0,0,0,0,0,0,0,0,0,0,0,0,0,0,0,0,0,0,0,0,0,0								//RG_STEALCOIN
212,0,0,16,0,0,0,99,0,0,none,0,0,0,0,0,0,0,0,0,0,0,0,0,0,0,0,0,0,0,0,0,0,0								//RG_BACKSTAP
214,0,0,20,0,0,0,99,0,0,none,SC_HIDING,0,0,0,0,0,0,0,0,0,0,0,0,0,0,0,0,0,0,0,0,0,0						//RG_RAID
215,0,0,17:19:21:23:25,0,0,0,99,0,0,none,0,0,0,0,0,0,0,0,0,0,0,0,0,0,0,0,0,0,0,0,0,0,0					//RG_STRIPWEAPON
216,0,0,12:14:16:18:20,0,0,0,99,0,0,none,0,0,0,0,0,0,0,0,0,0,0,0,0,0,0,0,0,0,0,0,0,0,0					//RG_STRIPSHIELD
217,0,0,17:19:21:23:25,0,0,0,99,0,0,none,0,0,0,0,0,0,0,0,0,0,0,0,0,0,0,0,0,0,0,0,0,0,0					//RG_STRIPARMOR
218,0,0,12:14:16:18:20,0,0,0,99,0,0,none,0,0,0,0,0,0,0,0,0,0,0,0,0,0,0,0,0,0,0,0,0,0,0					//RG_STRIPHELM
219,0,0,13:16:19:22:25,0,0,0,99,0,0,none,0,0,0,0,0,0,0,0,0,0,0,0,0,0,0,0,0,0,0,0,0,0,0					//RG_INTIMIDATE
220,0,0,15,0,0,0,99,0,0,none,0,0,716,1,0,0,0,0,0,0,0,0,0,0,0,0,0,0,0,0,0,0,0							//RG_GRAFFITI
221,0,0,10,0,0,0,99,0,0,none,0,0,0,0,0,0,0,0,0,0,0,0,0,0,0,0,0,0,0,0,0,0,0								//RG_FLAGGRAFFITI
222,0,0,5,0,0,0,99,0,0,none,0,0,0,0,0,0,0,0,0,0,0,0,0,0,0,0,0,0,0,0,0,0,0								//RG_CLEANER

//****
// AM Alchemist
228,0,0,5,0,0,0,99,0,0,none,0,0,7134,1,0,0,0,0,0,0,0,0,0,0,0,0,0,0,0,0,0,0,0							//AM_PHARMACY
229,0,0,10,0,0,0,99,0,0,none,0,0,7135,1,0,0,0,0,0,0,0,0,0,0,0,0,0,0,0,0,0,0,0							//AM_DEMONSTRATION
230,0,0,15,0,0,0,99,0,0,none,0,0,7136,1,0,0,0,0,0,0,0,0,0,0,0,0,0,0,0,0,0,0,0							//AM_ACIDTERROR
231,0,0,1,0,0,0,99,0,0,none,0,0,501,1,502,1,503,1,504,1,505,1,522,1,526,1,608,1,607,1,657,1,0			//AM_POTIONPITCHER
232,0,0,20,0,0,0,99,0,0,none,0,0,7137,1,0,0,0,0,0,0,0,0,0,0,0,0,0,0,0,0,0,0,0							//AM_CANNIBALIZE
233,0,0,10,0,0,0,99,0,0,none,0,0,7138,1,0,0,0,0,0,0,0,0,0,0,0,0,0,0,0,0,0,0,0							//AM_SPHEREMINE
234,0,0,30,0,0,0,99,0,0,none,0,0,7139,1,0,0,0,0,0,0,0,0,0,0,0,0,0,0,0,0,0,0,0							//AM_CP_WEAPON
235,0,0,25,0,0,0,99,0,0,none,0,0,7139,1,0,0,0,0,0,0,0,0,0,0,0,0,0,0,0,0,0,0,0							//AM_CP_SHIELD
236,0,0,25,0,0,0,99,0,0,none,0,0,7139,1,0,0,0,0,0,0,0,0,0,0,0,0,0,0,0,0,0,0,0							//AM_CP_ARMOR
237,0,0,25,0,0,0,99,0,0,none,0,0,7139,1,0,0,0,0,0,0,0,0,0,0,0,0,0,0,0,0,0,0,0							//AM_CP_HELM

243,0,0,10,0,0,0,99,0,0,none,0,0,7142,1,0,0,0,0,0,0,0,0,0,0,0,0,0,0,0,0,0,0,0							//AM_CALLHOMUNCULUS
244,0,0,50,0,0,0,99,0,0,none,0,0,0,0,0,0,0,0,0,0,0,0,0,0,0,0,0,0,0,0,0,0,0								//AM_REST
247,0,0,74:68:62:56:50,0,0,0,99,0,0,none,0,0,0,0,0,0,0,0,0,0,0,0,0,0,0,0,0,0,0,0,0,0,0					//AM_RESURRECTHOMUN

//****
// CR Crusader
249,0,0,12:14:16:18:20:22:24:26:28:30,0,0,0,99,0,0,shield,0,0,0,0,0,0,0,0,0,0,0,0,0,0,0,0,0,0,0,0,0,0,0	//CR_AUTOGUARD
250,0,0,10,0,0,0,99,0,0,shield,0,0,0,0,0,0,0,0,0,0,0,0,0,0,0,0,0,0,0,0,0,0,0							//CR_SHIELDCHARGE
251,0,0,12,0,0,0,99,0,0,shield,0,0,0,0,0,0,0,0,0,0,0,0,0,0,0,0,0,0,0,0,0,0,0							//CR_SHIELDBOOMERANG
252,0,0,35:40:45:50:55:60:65:70:75:80,0,0,0,99,0,0,shield,0,0,0,0,0,0,0,0,0,0,0,0,0,0,0,0,0,0,0,0,0,0,0	//CR_REFLECTSHIELD
253,0,0,11:12:13:14:15:16:17:18:19:20,0,0,0,99,0,0,none,0,0,0,0,0,0,0,0,0,0,0,0,0,0,0,0,0,0,0,0,0,0,0	//CR_HOLYCROSS
254,0,0,37:44:51:58:65:72:79:86:93:100,20,0,0,99,0,0,none,0,0,0,0,0,0,0,0,0,0,0,0,0,0,0,0,0,0,0,0,0,0,0	//CR_GRANDCROSS
255,0,0,25,0,0,0,99,0,0,none,0,0,0,0,0,0,0,0,0,0,0,0,0,0,0,0,0,0,0,0,0,0,0								//CR_DEVOTION
256,0,0,30,0,0,0,99,0,0,none,0,0,0,0,0,0,0,0,0,0,0,0,0,0,0,0,0,0,0,0,0,0,0								//CR_PROVIDENCE
257,0,0,30,0,0,0,99,0,0,shield,0,0,0,0,0,0,0,0,0,0,0,0,0,0,0,0,0,0,0,0,0,0,0							//CR_DEFENDER
258,0,0,24:28:32:36:40:44:48:52:56:60,0,0,0,5,0,0,none,0,0,0,0,0,0,0,0,0,0,0,0,0,0,0,0,0,0,0,0,0,0,0	//CR_SPEARQUICKEN

//****
// MO Monk
261,0,0,8,0,0,0,99,0,0,none,0,0,0,0,0,0,0,0,0,0,0,0,0,0,0,0,0,0,0,0,0,0,0								//MO_CALLSPIRITS
262,0,0,5,0,0,0,99,0,0,none,0,0,0,0,0,0,0,0,0,0,0,0,0,0,0,0,0,0,0,0,0,0,0								//MO_ABSORBSPIRITS
264,0,0,14,0,0,0,99,0,0,none,0,1,0,0,0,0,0,0,0,0,0,0,0,0,0,0,0,0,0,0,0,0,0								//MO_BODYRELOCATION
266,0,0,10:14:17:19:20,0,0,0,99,0,0,none,0,1,0,0,0,0,0,0,0,0,0,0,0,0,0,0,0,0,0,0,0,0,0					//MO_INVESTIGATE
267,0,0,10,0,0,0,99,0,0,none,0,1:2:3:4:5,0,0,0,0,0,0,0,0,0,0,0,0,0,0,0,0,0,0,0,0,0						//MO_FINGEROFFENSIVE
268,0,0,200,0,0,0,99,0,0,none,0,5,0,0,0,0,0,0,0,0,0,0,0,0,0,0,0,0,0,0,0,0,0								//MO_STEELBODY
269,0,0,10,0,0,0,0:1:2:3:4:5:6:7:8:9:10:12:13:14:15:16:17:18:19:20:21:22,0,0,none,0,1,0,0,0,0,0,0,0,0,0,0,0,0,0,0,0,0,0,0,0,0,0	//MO_BLADESTOP
270,0,0,15,0,0,0,99,0,0,none,0,5,0,0,0,0,0,0,0,0,0,0,0,0,0,0,0,0,0,0,0,0,0								//MO_EXPLOSIONSPIRITS
271,0,0,1,0,0,0,0:1:2:3:4:5:6:7:8:9:10:12:13:14:15:16:17:18:19:20:21:22,0,0,none,SC_EXPLOSIONSPIRITS,5,0,0,0,0,0,0,0,0,0,0,0,0,0,0,0,0,0,0,0,0,0	//MO_EXTREMITYFIST
272,0,0,11:12:13:14:15,0,0,0,0:1:2:3:4:5:6:7:8:9:10:12:13:14:15:16:17:18:19:20:21:22,0,0,none,0,0,0,0,0,0,0,0,0,0,0,0,0,0,0,0,0,0,0,0,0,0,0	//MO_CHAINCOMBO
273,0,0,11:12:13:14:15,0,0,0,0:1:2:3:4:5:6:7:8:9:10:12:13:14:15:16:17:18:19:20:21:22,0,0,none,0,1,0,0,0,0,0,0,0,0,0,0,0,0,0,0,0,0,0,0,0,0,0	//MO_COMBOFINISH

//****
// SA Sage
275,0,0,2,0,0,0,99,0,0,none,0,0,0,0,0,0,0,0,0,0,0,0,0,0,0,0,0,0,0,0,0,0,0								//SA_CASTCANCEL
276,0,0,2,0,0,0,99,0,0,none,0,0,0,0,0,0,0,0,0,0,0,0,0,0,0,0,0,0,0,0,0,0,0								//SA_MAGICROD
277,0,0,10,0,0,0,99,0,0,none,0,0,0,0,0,0,0,0,0,0,0,0,0,0,0,0,0,0,0,0,0,0,0								//SA_SPELLBREAKER
279,0,0,35,0,0,0,99,0,0,none,0,0,0,0,0,0,0,0,0,0,0,0,0,0,0,0,0,0,0,0,0,0,0								//SA_AUTOSPELL
280,0,0,40,0,0,0,99,0,0,none,0,0,990,1,0,0,0,0,0,0,0,0,0,0,0,0,0,0,0,0,0,0,0							//SA_FLAMELAUNCHER
281,0,0,40,0,0,0,99,0,0,none,0,0,991,1,0,0,0,0,0,0,0,0,0,0,0,0,0,0,0,0,0,0,0							//SA_FROSTWEAPON
282,0,0,40,0,0,0,99,0,0,none,0,0,992,1,0,0,0,0,0,0,0,0,0,0,0,0,0,0,0,0,0,0,0							//SA_LIGHTNINGLOADER
283,0,0,40,0,0,0,99,0,0,none,0,0,993,1,0,0,0,0,0,0,0,0,0,0,0,0,0,0,0,0,0,0,0							//SA_SEISMICWEAPON
285,0,0,48:46:44:42:40,0,0,0,99,0,0,none,0,0,715,1,0,0,0,0,0,0,0,0,0,0,0,0,0,0,0,0,0,0,0				//SA_VOLCANO
286,0,0,48:46:44:42:40,0,0,0,99,0,0,none,0,0,715,1,0,0,0,0,0,0,0,0,0,0,0,0,0,0,0,0,0,0,0				//SA_DELUGE
287,0,0,48:46:44:42:40,0,0,0,99,0,0,none,0,0,715,1,0,0,0,0,0,0,0,0,0,0,0,0,0,0,0,0,0,0,0				//SA_VIOLENTGALE
288,0,0,66:62:58:54:50,0,0,0,99,0,0,none,0,0,717,1,715,1,0,0,0,0,0,0,0,0,0,0,0,0,0,0,0,0,0				//SA_LANDPROTECTOR
289,0,0,1,0,0,0,99,0,0,none,0,0,715,1,0,0,0,0,0,0,0,0,0,0,0,0,0,0,0,0,0,0,0								//SA_DISPELL
290,0,0,50,0,0,0,99,0,0,none,0,0,715,2,0,0,0,0,0,0,0,0,0,0,0,0,0,0,0,0,0,0,0							//SA_ABRACADABRA
291,0,0,1,0,0,0,99,0,0,none,0,0,0,0,0,0,0,0,0,0,0,0,0,0,0,0,0,0,0,0,0,0,0								//SA_MONOCELL
292,0,0,1,0,0,0,99,0,0,none,0,0,0,0,0,0,0,0,0,0,0,0,0,0,0,0,0,0,0,0,0,0,0								//SA_CLASSCHANGE
293,0,0,1,0,0,0,99,0,0,none,0,0,0,0,0,0,0,0,0,0,0,0,0,0,0,0,0,0,0,0,0,0,0								//SA_SUMMONMONSTER
294,0,0,1,0,0,0,99,0,0,none,0,0,0,0,0,0,0,0,0,0,0,0,0,0,0,0,0,0,0,0,0,0,0								//SA_REVERSEORCISH
295,0,0,1,0,0,0,99,0,0,none,0,0,0,0,0,0,0,0,0,0,0,0,0,0,0,0,0,0,0,0,0,0,0								//SA_DEATH
296,0,0,1,0,0,0,99,0,0,none,0,0,0,0,0,0,0,0,0,0,0,0,0,0,0,0,0,0,0,0,0,0,0								//SA_FORTUNE
297,0,0,1,0,0,0,99,0,0,none,0,0,0,0,0,0,0,0,0,0,0,0,0,0,0,0,0,0,0,0,0,0,0								//SA_TAMINGMONSTER
298,0,0,1,0,0,0,99,0,0,none,0,0,0,0,0,0,0,0,0,0,0,0,0,0,0,0,0,0,0,0,0,0,0								//SA_QUESTION
299,0,0,1,0,0,0,99,0,0,none,0,0,0,0,0,0,0,0,0,0,0,0,0,0,0,0,0,0,0,0,0,0,0								//SA_GRAVITY
300,0,0,1,0,0,0,99,0,0,none,0,0,0,0,0,0,0,0,0,0,0,0,0,0,0,0,0,0,0,0,0,0,0								//SA_LEVELUP
301,0,0,1,0,0,0,99,0,0,none,0,0,0,0,0,0,0,0,0,0,0,0,0,0,0,0,0,0,0,0,0,0,0								//SA_INSTANTDEATH
302,0,0,1,0,0,0,99,0,0,none,0,0,0,0,0,0,0,0,0,0,0,0,0,0,0,0,0,0,0,0,0,0,0								//SA_FULLRECOVERY
303,0,0,1,0,0,0,99,0,0,none,0,0,0,0,0,0,0,0,0,0,0,0,0,0,0,0,0,0,0,0,0,0,0								//SA_COMA

//****
// Bard & Dancer
304,0,0,1,0,0,0,99,0,0,none,0,0,0,0,0,0,0,0,0,0,0,0,0,0,0,0,0,0,0,0,0,0,0								//BD_ADAPTATION
305,0,0,1,0,0,0,13:14,0,0,none,0,0,0,0,0,0,0,0,0,0,0,0,0,0,0,0,0,0,0,0,0,0,0							//BD_ENCORE
306,0,0,20,0,0,0,13:14,0,0,none,0,0,0,0,0,0,0,0,0,0,0,0,0,0,0,0,0,0,0,0,0,0,0							//BD_LULLABY
307,0,0,20,0,0,0,13:14,0,0,none,0,0,0,0,0,0,0,0,0,0,0,0,0,0,0,0,0,0,0,0,0,0,0							//BD_RICHMANKIM
308,0,0,30,0,0,0,13:14,0,0,none,0,0,0,0,0,0,0,0,0,0,0,0,0,0,0,0,0,0,0,0,0,0,0							//BD_ETERNALCHAOS
309,0,0,38:41:44:47:50,0,0,0,13:14,0,0,none,0,0,0,0,0,0,0,0,0,0,0,0,0,0,0,0,0,0,0,0,0,0,0				//BD_DRUMBATTLEFIELD
310,0,0,38:41:44:47:50,0,0,0,13:14,0,0,none,0,0,0,0,0,0,0,0,0,0,0,0,0,0,0,0,0,0,0,0,0,0,0				//BD_RINGNIBELUNGEN
311,0,0,15,0,0,0,13:14,0,0,none,0,0,0,0,0,0,0,0,0,0,0,0,0,0,0,0,0,0,0,0,0,0,0							//BD_ROKISWEIL
312,0,0,10,0,0,0,13:14,0,0,none,0,0,0,0,0,0,0,0,0,0,0,0,0,0,0,0,0,0,0,0,0,0,0							//BD_INTOABYSS
313,0,0,20,0,0,0,13:14,0,0,none,0,0,0,0,0,0,0,0,0,0,0,0,0,0,0,0,0,0,0,0,0,0,0							//BD_SIEGFRIED

//****
// BA Bard
316,0,0,1:3:5:7:9,0,0,0,13,1,1,none,0,0,0,0,0,0,0,0,0,0,0,0,0,0,0,0,0,0,0,0,0,0,0						//BA_MUSICALSTRIKE
317,0,0,18:21:24:27:30,0,0,0,13,0,0,none,0,0,0,0,0,0,0,0,0,0,0,0,0,0,0,0,0,0,0,0,0,0,0					//BA_DISSONANCE
318,0,0,12:14:16:18:20,0,0,0,99,0,0,none,0,0,0,0,0,0,0,0,0,0,0,0,0,0,0,0,0,0,0,0,0,0,0					//BA_FROSTJOKE
319,0,0,24:28:32:36:40:44:48:52:56:60,0,0,0,13:14,0,0,none,0,0,0,0,0,0,0,0,0,0,0,0,0,0,0,0,0,0,0,0,0,0,0	//BA_WHISTLE
320,0,0,38:41:44:47:50:53:56:59:62:65,0,0,0,13:14,0,0,none,0,0,0,0,0,0,0,0,0,0,0,0,0,0,0,0,0,0,0,0,0,0,0	//BA_ASSASSINCROSS
321,0,0,40:45:50:55:60:65:70:75:80:85,0,0,0,13:14,0,0,none,0,0,0,0,0,0,0,0,0,0,0,0,0,0,0,0,0,0,0,0,0,0,0	//BA_POEMBRAGI
322,0,0,40:45:50:55:60:65:70:75:80:85,0,0,0,13:14,0,0,none,0,0,0,0,0,0,0,0,0,0,0,0,0,0,0,0,0,0,0,0,0,0,0	//BA_APPLEIDUN

//****
// DC Dancer
324,0,0,1:3:5:7:9,0,0,0,14,1,1,none,0,0,0,0,0,0,0,0,0,0,0,0,0,0,0,0,0,0,0,0,0,0,0						//DC_THROWARROW
325,0,0,23:26:29:32:35,0,0,0,14,0,0,none,0,0,0,0,0,0,0,0,0,0,0,0,0,0,0,0,0,0,0,0,0,0,0					//DC_UGLYDANCE
326,0,0,12:14:16:18:20,0,0,0,99,0,0,none,0,0,0,0,0,0,0,0,0,0,0,0,0,0,0,0,0,0,0,0,0,0,0					//DC_SCREAM
327,0,0,22:24:26:28:30:32:34:36:38:40,0,0,0,13:14,0,0,none,0,0,0,0,0,0,0,0,0,0,0,0,0,0,0,0,0,0,0,0,0,0,0	//DC_HUMMING
328,0,0,28:31:34:37:40:43:46:49:52:55,0,0,0,13:14,0,0,none,0,0,0,0,0,0,0,0,0,0,0,0,0,0,0,0,0,0,0,0,0,0,0	//DC_DONTFORGETME
329,0,0,43:46:49:52:55:58:61:64:67:70,0,0,0,13:14,0,0,none,0,0,0,0,0,0,0,0,0,0,0,0,0,0,0,0,0,0,0,0,0,0,0	//DC_FORTUNEKISS
330,0,0,40:45:50:55:60:65:70:75:80:85,0,0,0,13:14,0,0,none,0,0,0,0,0,0,0,0,0,0,0,0,0,0,0,0,0,0,0,0,0,0,0	//DC_SERVICEFORYOU

334,0,0,1,-10,0,0,99,0,0,none,0,0,0,0,0,0,0,0,0,0,0,0,0,0,0,0,0,0,0,0,0,0,0								//WE_MALE
335,0,0,1,0,-10,0,99,0,0,none,0,0,0,0,0,0,0,0,0,0,0,0,0,0,0,0,0,0,0,0,0,0,0								//WE_FEMALE
336,0,0,1,0,0,0,99,0,0,none,0,0,0,0,0,0,0,0,0,0,0,0,0,0,0,0,0,0,0,0,0,0,0								//WE_CALLPARTNER
337,0,0,1,0,0,0,99,0,0,none,0,0,0,0,0,0,0,0,0,0,0,0,0,0,0,0,0,0,0,0,0,0,0								//ITM_TOMAHAWK

//****
// LK Lord Knight
355,0,0,18:26:34:42:50,0,0,0,1:2:3:4:5:6:7:8:9:10:11:12:13:14:15:16:17:18:19:20:21:22,0,0,none,0,0,0,0,0,0,0,0,0,0,0,0,0,0,0,0,0,0,0,0,0,0,0	//LK_AURABLADE
356,0,0,50,0,0,0,3,0,0,none,0,0,0,0,0,0,0,0,0,0,0,0,0,0,0,0,0,0,0,0,0,0,0								//LK_PARRYING
357,0,0,14:18:22:26:30,0,0,0,99,0,0,none,0,0,0,0,0,0,0,0,0,0,0,0,0,0,0,0,0,0,0,0,0,0,0					//LK_CONCENTRATION
358,0,0,15,0,0,0,99,0,0,none,0,0,0,0,0,0,0,0,0,0,0,0,0,0,0,0,0,0,0,0,0,0,0								//LK_TENSIONRELAX
359,0,0,200,0,0,0,99,0,0,none,0,0,0,0,0,0,0,0,0,0,0,0,0,0,0,0,0,0,0,0,0,0,0								//LK_BERSERK

//****
// HP High Priest
361,0,0,20:30:40:50:60,0,0,0,99,0,0,none,0,0,0,0,0,0,0,0,0,0,0,0,0,0,0,0,0,0,0,0,0,0,0					//HP_ASSUMPTIO
362,0,0,80:90:100:110:120,0,0,0,99,0,0,none,0,0,715,1,716,1,717,1,523,1,0,0,0,0,0,0,0,0,0,0,0,0,0		//HP_BASILICA

//****
// HW High Wizard
365,0,0,8,0,0,0,99,0,0,none,0,0,0,0,0,0,0,0,0,0,0,0,0,0,0,0,0,0,0,0,0,0,0								//HW_MAGICCRASHER
366,0,0,14:18:22:26:30:34:38:42:46:50,0,0,0,99,0,0,none,0,0,0,0,0,0,0,0,0,0,0,0,0,0,0,0,0,0,0,0,0,0,0	//HW_MAGICPOWER

//****
// PA Paladin
367,0,0,30:35:40:45:50,0,0,0,99,0,0,none,0,0,0,0,0,0,0,0,0,0,0,0,0,0,0,0,0,0,0,0,0,0,0					//PA_PRESSURE
368,0,0,100,0,0,0,99,0,0,none,0,0,0,0,0,0,0,0,0,0,0,0,0,0,0,0,0,0,0,0,0,0,0								//PA_SACRIFICE
369,0,0,80:80:80:80:80:100:100:100:100:100,0,0,0,99,0,0,none,0,0,0,0,0,0,0,0,0,0,0,0,0,0,0,0,0,0,0,0,0,0,0	//PA_GOSPEL

//****
// CH Champion
370,0,0,2:4:6:8:10,0,0,0,99,0,0,none,SC_EXPLOSIONSPIRITS,0,0,0,0,0,0,0,0,0,0,0,0,0,0,0,0,0,0,0,0,0,0	//CH_PALMSTRIKE
371,0,0,4:6:8:10:12,0,0,0,99,0,0,none,0,1,0,0,0,0,0,0,0,0,0,0,0,0,0,0,0,0,0,0,0,0,0						//CH_TIGERFIST
372,0,0,4:6:8:10:12:14:16:18:20:22,0,0,0,99,0,0,none,0,2,0,0,0,0,0,0,0,0,0,0,0,0,0,0,0,0,0,0,0,0,0		//CH_CHAINCRUSH

//****
// PF Professor
373,0,0,1:2:3:4:5,0,0,0,99,0,0,none,0,0,0,0,0,0,0,0,0,0,0,0,0,0,0,0,0,0,0,0,0,0,0						//PF_HPCONVERSION
374,0,0,5,0,0,0,99,0,0,none,0,0,0,0,0,0,0,0,0,0,0,0,0,0,0,0,0,0,0,0,0,0,0								//PF_SOULCHANGE
375,0,0,80:90:100:110:120,0,0,0,99,0,0,none,0,0,0,0,0,0,0,0,0,0,0,0,0,0,0,0,0,0,0,0,0,0,0				//PF_SOULBURN

//****
// ASC Assassin Cross
378,0,0,60:70:80:90:100,0,0,0,99,0,0,none,0,0,678,1,0,0,0,0,0,0,0,0,0,0,0,0,0,0,0,0,0,0,0				//ASC_EDP
379,0,0,20:20:20:20:20:30:30:30:30:30,0,0,0,99,0,0,none,0,0,0,0,0,0,0,0,0,0,0,0,0,0,0,0,0,0,0,0,0,0,0	//ASC_BREAKER

//****
// SN Sniper
380,0,0,20:20:25:25:30:30:35:35:40:40,0,0,0,99,0,0,none,0,0,0,0,0,0,0,0,0,0,0,0,0,0,0,0,0,0,0,0,0,0,0	//SN_SIGHT
381,0,0,30:34:38:42:46,0,0,0,99,0,0,falcon,0,0,0,0,0,0,0,0,0,0,0,0,0,0,0,0,0,0,0,0,0,0,0				//SN_FALCONASSAULT
382,0,0,18:21:24:27:30,0,0,0,11,1,1,none,0,0,0,0,0,0,0,0,0,0,0,0,0,0,0,0,0,0,0,0,0,0,0					//SN_SHARPSHOOTING
383,0,0,46:52:58:64:70:76:82:88:94:100,0,0,0,99,0,0,none,0,0,0,0,0,0,0,0,0,0,0,0,0,0,0,0,0,0,0,0,0,0,0	//SN_WINDWALK

//****
// WS Whitesmith
384,0,0,50:50:60:60:70:70:80:80:90:90,0,0,0,99,0,0,none,0,0,0,0,0,0,0,0,0,0,0,0,0,0,0,0,0,0,0,0,0,0,0	//WS_MELTDOWN
385,0,0,5,0,0,0,99,0,0,none,0,0,0,0,0,0,0,0,0,0,0,0,0,0,0,0,0,0,0,0,0,0,0								//WS_CREATECOIN
386,0,0,5,0,0,0,99,0,0,none,0,0,0,0,0,0,0,0,0,0,0,0,0,0,0,0,0,0,0,0,0,0,0								//WS_CREATENUGGET
387,0,0,20,0,0,0,99,0,0,cart,0,0,0,0,0,0,0,0,0,0,0,0,0,0,0,0,0,0,0,0,0,0,0								//WS_CARTBOOST
388,0,0,20,0,0,0,99,0,0,none,0,0,7137,1,0,0,0,0,0,0,0,0,0,0,0,0,0,0,0,0,0,0,0							//WS_SYSTEMCREATE

//****
// ST Stalker
389,0,0,10,0,0,0,99,0,0,none,0,0,0,0,0,0,0,0,0,0,0,0,0,0,0,0,0,0,0,0,0,0,0								//ST_CHASEWALK
390,0,0,10:15:20:25:30,0,0,0,99,0,0,none,0,0,0,0,0,0,0,0,0,0,0,0,0,0,0,0,0,0,0,0,0,0,0					//ST_REJECTSWORD

//****
// CG Clown & Gypsy
394,0,0,12:14:16:18:20:22:24:26:28:30,0,0,0,13:14,1,1,none,0,0,0,0,0,0,0,0,0,0,0,0,0,0,0,0,0,0,0,0,0,0,0	//CG_ARROWVULCAN
395,0,0,30:40:50:60:70,0,0,0,13:14,0,0,none,0,0,0,0,0,0,0,0,0,0,0,0,0,0,0,0,0,0,0,0,0,0,0				//CG_MOONLIT
396,0,0,100,0,0,0,99,0,0,none,0,0,0,0,0,0,0,0,0,0,0,0,0,0,0,0,0,0,0,0,0,0,0								//CG_MARIONETTE

//****
// Other 2-Trans Class Skills
397,0,0,18:21:24:27:30,0,0,0,4:5,0,0,none,0,0,0,0,0,0,0,0,0,0,0,0,0,0,0,0,0,0,0,0,0,0,0					//LK_SPIRALPIERCE
398,0,0,23,0,0,0,99,0,0,none,0,0,0,0,0,0,0,0,0,0,0,0,0,0,0,0,0,0,0,0,0,0,0								//LK_HEADCRUSH
399,0,0,12:12:14:14:16:16:18:18:20:20,0,0,0,4:5,0,0,none,0,0,0,0,0,0,0,0,0,0,0,0,0,0,0,0,0,0,0,0,0,0,0	//LK_JOINTBEAT
400,0,0,10:25:40:55:70,0,0,0,99,0,0,none,0,0,0,0,0,0,0,0,0,0,0,0,0,0,0,0,0,0,0,0,0,0,0					//HW_NAPALMVULCAN
401,0,0,20,0,0,0,99,0,0,none,0,0,0,0,0,0,0,0,0,0,0,0,0,0,0,0,0,0,0,0,0,0,0								//CH_SOULCOLLECT
402,0,0,12:15:18:21:24,0,0,0,99,0,0,none,0,0,0,0,0,0,0,0,0,0,0,0,0,0,0,0,0,0,0,0,0,0,0					//PF_MINDBREAKER
403,0,0,1,0,0,0,99,0,0,none,0,0,0,0,0,0,0,0,0,0,0,0,0,0,0,0,0,0,0,0,0,0,0								//PF_MEMORIZE
404,0,0,25,0,0,0,99,0,0,none,0,0,0,0,0,0,0,0,0,0,0,0,0,0,0,0,0,0,0,0,0,0,0								//PF_FOGWALL
405,0,0,50,0,0,0,99,0,0,none,0,0,1025,1,0,0,0,0,0,0,0,0,0,0,0,0,0,0,0,0,0,0,0							//PF_SPIDERWEB
406,0,0,10:12:14:16:18:20:22:24:26:28,0,0,0,99,0,0,none,0,0,0,0,0,0,0,0,0,0,0,0,0,0,0,0,0,0,0,0,0,0,0	//ASC_METEORASSAULT
407,0,0,50,0,0,0,99,0,0,none,0,0,0,0,0,0,0,0,0,0,0,0,0,0,0,0,0,0,0,0,0,0,0								//ASC_CDP

408,0,0,1,0,-10,0,99,0,0,none,0,0,0,0,0,0,0,0,0,0,0,0,0,0,0,0,0,0,0,0,0,0,0								//WE_BABY
409,0,0,1,0,0,0,99,0,0,none,0,0,0,0,0,0,0,0,0,0,0,0,0,0,0,0,0,0,0,0,0,0,0								//WE_CALLPARENT
410,0,0,1,0,0,0,99,0,0,none,0,0,0,0,0,0,0,0,0,0,0,0,0,0,0,0,0,0,0,0,0,0,0								//WE_CALLBABY

//****
// TK Taekwon
411,0,0,100:90:80:70:60:50:40:30:20:10,0,0,0,99,0,0,move_enable,0,0,0,0,0,0,0,0,0,0,0,0,0,0,0,0,0,0,0,0,0,0,0	//TK_RUN
412,0,0,1,0,0,0,99,0,0,none,0,0,0,0,0,0,0,0,0,0,0,0,0,0,0,0,0,0,0,0,0,0,0								//TK_READYSTORM
413,0,0,14:12:10:8:6:4:2,0,0,0,99,0,0,none,0,0,0,0,0,0,0,0,0,0,0,0,0,0,0,0,0,0,0,0,0,0,0				//TK_STORMKICK
414,0,0,1,0,0,0,99,0,0,none,0,0,0,0,0,0,0,0,0,0,0,0,0,0,0,0,0,0,0,0,0,0,0								//TK_READYDOWN
415,0,0,14:12:10:8:6:4:2,0,0,0,99,0,0,none,0,0,0,0,0,0,0,0,0,0,0,0,0,0,0,0,0,0,0,0,0,0,0				//TK_DOWNKICK
416,0,0,1,0,0,0,99,0,0,none,0,0,0,0,0,0,0,0,0,0,0,0,0,0,0,0,0,0,0,0,0,0,0								//TK_READYTURN
417,0,0,14:12:10:8:6:4:2,0,0,0,99,0,0,none,0,0,0,0,0,0,0,0,0,0,0,0,0,0,0,0,0,0,0,0,0,0,0				//TK_TURNKICK
418,0,0,1,0,0,0,99,0,0,none,0,0,0,0,0,0,0,0,0,0,0,0,0,0,0,0,0,0,0,0,0,0,0								//TK_READYCOUNTER
419,0,0,14:12:10:8:6:4:2,0,0,0,99,0,0,none,0,0,0,0,0,0,0,0,0,0,0,0,0,0,0,0,0,0,0,0,0,0,0				//TK_COUNTERKICK
420,0,0,1,0,0,0,99,0,0,none,0,0,0,0,0,0,0,0,0,0,0,0,0,0,0,0,0,0,0,0,0,0,0								//TK_DODGE
421,0,0,70:60:50:40:30:20:10,0,0,0,99,0,0,none,0,0,0,0,0,0,0,0,0,0,0,0,0,0,0,0,0,0,0,0,0,0,0			//TK_JUMPKICK
425,0,0,20:20:20:20:50:50:50,0,0,0,99,0,0,none,0,0,0,0,0,0,0,0,0,0,0,0,0,0,0,0,0,0,0,0,0,0,0			//TK_SEVENWIND
426,0,0,50,0,0,0,99,0,0,none,0,0,0,0,0,0,0,0,0,0,0,0,0,0,0,0,0,0,0,0,0,0,0								//TK_HIGHJUMP

//****
// SG Star Gladiator
427,0,0,100,0,0,0,99,0,0,none,0,0,0,0,0,0,0,0,0,0,0,0,0,0,0,0,0,0,0,0,0,0,0								//SG_FEEL
428,0,0,20,0,0,0,99,0,0,none,0,0,0,0,0,0,0,0,0,0,0,0,0,0,0,0,0,0,0,0,0,0,0								//SG_SUN_WARM
429,0,0,20,0,0,0,99,0,0,none,0,0,0,0,0,0,0,0,0,0,0,0,0,0,0,0,0,0,0,0,0,0,0								//SG_MOON_WARM
430,0,0,10,0,0,0,99,0,0,none,0,0,0,0,0,0,0,0,0,0,0,0,0,0,0,0,0,0,0,0,0,0,0								//SG_STAR_WARM
431,0,0,70:60:50:40,0,0,0,99,0,0,none,0,0,0,0,0,0,0,0,0,0,0,0,0,0,0,0,0,0,0,0,0,0,0						//SG_SUN_COMFORT
432,0,0,70:60:50:40,0,0,0,99,0,0,none,0,0,0,0,0,0,0,0,0,0,0,0,0,0,0,0,0,0,0,0,0,0,0						//SG_MOON_COMFORT
433,0,0,70:60:50:40,0,0,0,99,0,0,none,0,0,0,0,0,0,0,0,0,0,0,0,0,0,0,0,0,0,0,0,0,0,0						//SG_STAR_COMFORT
434,0,0,100,0,0,0,99,0,0,none,0,0,0,0,0,0,0,0,0,0,0,0,0,0,0,0,0,0,0,0,0,0,0								//SG_HATE
444,0,0,100,0,0,0,99,0,0,none,0,0,0,0,0,0,0,0,0,0,0,0,0,0,0,0,0,0,0,0,0,0,0								//SG_FUSION

446,0,0,10,0,8,0,99,0,0,none,0,0,657,2,0,0,0,0,0,0,0,0,0,0,0,0,0,0,0,0,0,0,0							//AM_BERSERKPITCHER
459,0,0,64,0,0,0,0:1:2:3:4:5:6:7:8:9:10:12:13:14:15:16,0,0,none,0,0,0,0,0,0,0,0,0,0,0,0,0,0,0,0,0,0,0,0,0,0,0	//BS_ADRENALINE2

//****
// SL Soul Linker
445,0,0,460:360:260:160:60,0,0,0,99,0,0,none,0,0,0,0,0,0,0,0,0,0,0,0,0,0,0,0,0,0,0,0,0,0,0				//SL_ALCHEMIST
447,0,0,460:360:260:160:60,0,0,0,99,0,0,none,0,0,0,0,0,0,0,0,0,0,0,0,0,0,0,0,0,0,0,0,0,0,0				//SL_MONK
448,0,0,460:360:260:160:60,0,0,0,99,0,0,none,0,0,0,0,0,0,0,0,0,0,0,0,0,0,0,0,0,0,0,0,0,0,0				//SL_STAR
449,0,0,460:360:260:160:60,0,0,0,99,0,0,none,0,0,0,0,0,0,0,0,0,0,0,0,0,0,0,0,0,0,0,0,0,0,0				//SL_SAGE
450,0,0,460:360:260:160:60,0,0,0,99,0,0,none,0,0,0,0,0,0,0,0,0,0,0,0,0,0,0,0,0,0,0,0,0,0,0				//SL_CRUSADER
451,0,0,460:360:260:160:60,0,0,0,99,0,0,none,0,0,0,0,0,0,0,0,0,0,0,0,0,0,0,0,0,0,0,0,0,0,0				//SL_SUPERNOVICE
452,0,0,460:360:260:160:60,0,0,0,99,0,0,none,0,0,0,0,0,0,0,0,0,0,0,0,0,0,0,0,0,0,0,0,0,0,0				//SL_KNIGHT
453,0,0,460:360:260:160:60,0,0,0,99,0,0,none,0,0,0,0,0,0,0,0,0,0,0,0,0,0,0,0,0,0,0,0,0,0,0				//SL_WIZARD
454,0,0,460:360:260:160:60,0,0,0,99,0,0,none,0,0,0,0,0,0,0,0,0,0,0,0,0,0,0,0,0,0,0,0,0,0,0				//SL_PRIEST
455,0,0,460:360:260:160:60,0,0,0,99,0,0,none,0,0,0,0,0,0,0,0,0,0,0,0,0,0,0,0,0,0,0,0,0,0,0				//SL_BARDDANCER
456,0,0,460:360:260:160:60,0,0,0,99,0,0,none,0,0,0,0,0,0,0,0,0,0,0,0,0,0,0,0,0,0,0,0,0,0,0				//SL_ROGUE
457,0,0,460:360:260:160:60,0,0,0,99,0,0,none,0,0,0,0,0,0,0,0,0,0,0,0,0,0,0,0,0,0,0,0,0,0,0				//SL_ASSASSIN
458,0,0,460:360:260:160:60,0,0,0,99,0,0,none,0,0,0,0,0,0,0,0,0,0,0,0,0,0,0,0,0,0,0,0,0,0,0				//SL_BLACKSMITH
460,0,0,460:360:260:160:60,0,0,0,99,0,0,none,0,0,0,0,0,0,0,0,0,0,0,0,0,0,0,0,0,0,0,0,0,0,0				//SL_HUNTER
461,0,0,460:360:260:160:60,0,0,0,99,0,0,none,0,0,0,0,0,0,0,0,0,0,0,0,0,0,0,0,0,0,0,0,0,0,0				//SL_SOULLINKER
462,0,0,120:110:100:90:80:70:60,0,0,0,99,0,0,none,0,0,0,0,0,0,0,0,0,0,0,0,0,0,0,0,0,0,0,0,0,0,0			//SL_KAIZEL
463,0,0,30,0,0,0,99,0,0,none,0,0,0,0,0,0,0,0,0,0,0,0,0,0,0,0,0,0,0,0,0,0,0								//SL_KAAHI
464,0,0,20:30:40,0,0,0,99,0,0,none,0,0,0,0,0,0,0,0,0,0,0,0,0,0,0,0,0,0,0,0,0,0,0						//SL_KAUPE
465,0,0,70,0,0,0,99,0,0,none,0,0,0,0,0,0,0,0,0,0,0,0,0,0,0,0,0,0,0,0,0,0,0								//SL_KAITE
467,0,0,18:20:22:24:26:28:30,0,0,0,99,0,0,none,0,0,0,0,0,0,0,0,0,0,0,0,0,0,0,0,0,0,0,0,0,0,0			//SL_STIN
468,0,0,18:20:22:24:26:28:30,0,0,0,99,0,0,none,0,0,0,0,0,0,0,0,0,0,0,0,0,0,0,0,0,0,0,0,0,0,0			//SL_STUN
469,0,0,8:16:24:32:40:48:56:64:72:80,0,0,0,99,0,0,none,0,0,0,0,0,0,0,0,0,0,0,0,0,0,0,0,0,0,0,0,0,0,0	//SL_SMA
470,0,0,75:65:55:45:35:25:15,0,0,0,99,0,0,none,0,0,0,0,0,0,0,0,0,0,0,0,0,0,0,0,0,0,0,0,0,0,0			//SL_SWOO
471,0,0,55:35:15,0,0,0,99,0,0,none,0,0,0,0,0,0,0,0,0,0,0,0,0,0,0,0,0,0,0,0,0,0,0						//SL_SKE
472,0,0,100:80:60,0,0,0,99,0,0,none,0,0,0,0,0,0,0,0,0,0,0,0,0,0,0,0,0,0,0,0,0,0,0						//SL_SKA

//****
// Other Skills
475,0,0,30,0,0,0,99,0,0,none,0,0,0,0,0,0,0,0,0,0,0,0,0,0,0,0,0,0,0,0,0,0,0								//ST_PRESERVE
476,0,0,22:24:26:28:30,0,0,0,99,0,0,none,0,0,0,0,0,0,0,0,0,0,0,0,0,0,0,0,0,0,0,0,0,0,0					//ST_FULLSTRIP
477,0,0,5,0,0,0,99,0,0,none,0,0,0,0,0,0,0,0,0,0,0,0,0,0,0,0,0,0,0,0,0,0,0								//WS_WEAPONREFINE
478,0,0,30,0,0,0,99,0,0,none,0,0,545,1,545,1,545,1,545,1,545,1,546,1,546,1,546,1,546,1,547,1,0			//CR_SLIMPITCHER
479,0,0,40,0,0,0,99,0,0,none,0,0,7139,1,0,0,0,0,0,0,0,0,0,0,0,0,0,0,0,0,0,0,0							//CR_FULLPROTECTION
480,0,0,28:31:34:37:40,0,0,0,99,0,0,shield,0,0,0,0,0,0,0,0,0,0,0,0,0,0,0,0,0,0,0,0,0,0,0				//PA_SHIELDCHAIN
482,0,0,40:45:50:55:60,0,0,0,99,0,0,none,0,0,0,0,0,0,0,0,0,0,0,0,0,0,0,0,0,0,0,0,0,0,0					//PF_DOUBLECASTING
483,0,0,40,0,0,0,99,0,0,none,0,0,715,1,717,1,0,0,0,0,0,0,0,0,0,0,0,0,0,0,0,0,0							//HW_GANBANTEIN
484,0,0,20:40:60:80:100,0,0,0,99,0,0,none,0,0,717,1,0,0,0,0,0,0,0,0,0,0,0,0,0,0,0,0,0,0,0				//HW_GRAVITATION
485,0,0,15,0,0,600:700:800:900:1000:1100:1200:1300:1400:1500,0:1:2:3:4:5:6:7:8:9:10:12:13:14:15:16:17:18:19:20:21:22,0,0,none,SC_CARTBOOST,0,0,0,0,0,0,0,0,0,0,0,0,0,0,0,0,0,0,0,0,0,0	//WS_CARTTERMINATION
486,0,0,15,0,0,3000:3500:4000:4500:5000,0:1:2:3:4:5:6:7:8:9:10:12:13:14:15:16:17:18:19:20:21:22,0,0,none,0,0,0,0,0,0,0,0,0,0,0,0,0,0,0,0,0,0,0,0,0,0,0	//WS_OVERTHRUSTMAX
487,0,0,15,0,0,0,99,0,0,none,0,0,0,0,0,0,0,0,0,0,0,0,0,0,0,0,0,0,0,0,0,0,0								//CG_LONGINGFREEDOM
488,0,0,20:30:40:50:60,0,0,0,13:14,0,0,none,0,0,0,0,0,0,0,0,0,0,0,0,0,0,0,0,0,0,0,0,0,0,0				//CG_HERMODE
489,0,0,40,0,0,0,99,0,0,none,0,0,0,0,0,0,0,0,0,0,0,0,0,0,0,0,0,0,0,0,0,0,0								//CG_TAROTCARD
490,0,0,30,0,0,0,99,0,0,none,0,0,7135,1,7136,1,0,0,0,0,0,0,0,0,0,0,0,0,0,0,0,0,0						//CR_ACIDDEMONSTRATION
491,0,0,10,0,0,0,99,0,0,none,0,0,921,1,905,1,0,0,0,0,0,0,0,0,0,0,0,0,0,0,0,0,0							//CR_CULTIVATION
492,0,0,1,0,0,0,99,0,0,none,0,0,0,0,0,0,0,0,0,0,0,0,0,0,0,0,0,0,0,0,0,0,0								//ITEM_ENCHANTARMS
493,0,0,10,0,0,0,99,0,0,none,0,0,0,0,0,0,0,0,0,0,0,0,0,0,0,0,0,0,0,0,0,0,0								//TK_MISSION
494,0,0,460:360:260:160:60,0,0,0,99,0,0,none,0,0,0,0,0,0,0,0,0,0,0,0,0,0,0,0,0,0,0,0,0,0,0				//SL_HIGH
495,0,0,100,0,0,0,2,0,0,none,0,0,0,0,0,0,0,0,0,0,0,0,0,0,0,0,0,0,0,0,0,0,0								//KN_ONEHAND
496,0,0,200,0,0,0,99,0,0,none,0,0,7134,200,0,0,0,0,0,0,0,0,0,0,0,0,0,0,0,0,0,0,0						//AM_TWILIGHT1
497,0,0,200,0,0,0,99,0,0,none,0,0,7134,200,0,0,0,0,0,0,0,0,0,0,0,0,0,0,0,0,0,0,0						//AM_TWILIGHT2
498,0,0,200,0,0,0,99,0,0,none,0,0,7134,200,0,0,0,0,0,0,0,0,0,0,0,0,0,0,0,0,0,0,0						//AM_TWILIGHT3
499,0,0,12,0,0,0,11,1,1,none,0,0,0,0,0,0,0,0,0,0,0,0,0,0,0,0,0,0,0,0,0,0,0								//HT_POWER

//****
// GS Gunslinger
500,0,0,2,0,0,1,99,0,0,none,0,0,0,0,0,0,0,0,0,0,0,0,0,0,0,0,0,0,0,0,0,0,0								//GS_GLITTERING
501,0,0,10,0,0,0,99,0,0,none,0,5,0,0,0,0,0,0,0,0,0,0,0,0,0,0,0,0,0,0,0,0,0								//GS_FLING
502,0,0,20,0,0,0,99,99,1,none,0,1,0,0,0,0,0,0,0,0,0,0,0,0,0,0,0,0,0,0,0,0,0								//GS_TRIPLEACTION
503,0,0,30,0,0,0,99,99,1,none,0,1,0,0,0,0,0,0,0,0,0,0,0,0,0,0,0,0,0,0,0,0,0								//GS_BULLSEYE
504,0,0,30,0,0,0,99,0,0,none,0,4,0,0,0,0,0,0,0,0,0,0,0,0,0,0,0,0,0,0,0,0,0								//GS_MADNESSCANCEL
505,0,0,15,0,0,0,99,0,0,none,0,2,0,0,0,0,0,0,0,0,0,0,0,0,0,0,0,0,0,0,0,0,0								//GS_ADJUSTMENT
506,0,0,30,0,0,0,99,0,0,none,0,4,0,0,0,0,0,0,0,0,0,0,0,0,0,0,0,0,0,0,0,0,0								//GS_INCREASING
507,0,0,7,0,0,0,99,0,0,none,0,1,0,0,0,0,0,0,0,0,0,0,0,0,0,0,0,0,0,0,0,0,0								//GS_MAGICALBULLET
508,0,0,10,0,0,0,99,99,1,none,0,1,0,0,0,0,0,0,0,0,0,0,0,0,0,0,0,0,0,0,0,0,0								//GS_CRACKER
512,0,0,15:20:25:30:35:40:45:50:55:60,0,0,0,17:18,3,1,none,0,0,0,0,0,0,0,0,0,0,0,0,0,0,0,0,0,0,0,0,0,0,0	//GS_TRACKING
513,0,0,15:20:25:30:35,0,0,0,17:18,3,1,none,0,0,0,0,0,0,0,0,0,0,0,0,0,0,0,0,0,0,0,0,0,0,0				//GS_DISARM
514,0,0,11:12:13:14:15,0,0,0,17:18,3,1,none,0,0,0,0,0,0,0,0,0,0,0,0,0,0,0,0,0,0,0,0,0,0,0				//GS_PIERCINGSHOT
515,0,0,22:24:26:28:30:32:34:36:38:40,0,0,0,17,3,5,none,0,0,0,0,0,0,0,0,0,0,0,0,0,0,0,0,0,0,0,0,0,0,0	//GS_RAPIDSHOWER
516,0,0,32:34:36:38:40:42:44:46:48:50,0,0,0,17,3,10,none,0,0,0,0,0,0,0,0,0,0,0,0,0,0,0,0,0,0,0,0,0,0,0	//GS_DESPERADO
517,0,0,30:32:34:36:38:40:42:44:46:48,0,0,0,19,0,0,none,0,0,0,0,0,0,0,0,0,0,0,0,0,0,0,0,0,0,0,0,0,0,0	//GS_GATLINGFEVER
518,0,0,3:6:9:12:15:18:21:24:27:30,0,0,0,20,3,1,none,0,0,0,0,0,0,0,0,0,0,0,0,0,0,0,0,0,0,0,0,0,0,0		//GS_DUST
519,0,0,20:25:30:35:40:45:50:55:60:65,0,0,0,20,3,2:2:4:4:6:6:8:8:10:10,none,0,0,0,0,0,0,0,0,0,0,0,0,0,0,0,0,0,0,0,0,0,0,0	//GS_FULLBUSTER
520,0,0,15:20:25:30:35:40:45:50:55:60,0,0,0,20,3,5,none,0,0,0,0,0,0,0,0,0,0,0,0,0,0,0,0,0,0,0,0,0,0,0	//GS_SPREADATTACK
521,0,0,4:8:12:16:20:24:28:32:36:40,0,0,0,21,5,1,none,0,0,0,0,0,0,0,0,0,0,0,0,0,0,0,0,0,0,0,0,0,0,0		//GS_GROUNDDRIFT

//****
// NJ Ninja
523,0,0,2,0,0,0,99,6,1,none,0,0,0,0,0,0,0,0,0,0,0,0,0,0,0,0,0,0,0,0,0,0,0								//NJ_SYURIKEN
524,0,0,30:25:20:15:10,0,0,0,99,7,1,none,0,0,0,0,0,0,0,0,0,0,0,0,0,0,0,0,0,0,0,0,0,0,0					//NJ_KUNAI
525,0,0,20:25:30:35:40,0,0,0,22,0,0,none,0,0,0,0,0,0,0,0,0,0,0,0,0,0,0,0,0,0,0,0,0,0,0					//NJ_HUUMA
526,0,0,50,0,0,500:1000:1500:2000:2500:3000:3500:4000:4500:5000,99,0,0,none,0,0,0,0,0,0,0,0,0,0,0,0,0,0,0,0,0,0,0,0,0,0,0	//NJ_ZENYNAGE
527,0,0,15,0,0,0,99,0,0,none,0,0,0,0,0,0,0,0,0,0,0,0,0,0,0,0,0,0,0,0,0,0,0								//NJ_TATAMIGAESHI
528,0,0,10:12:14:16:18:20:22:24:26:28,0,0,0,99,0,0,none,0,0,0,0,0,0,0,0,0,0,0,0,0,0,0,0,0,0,0,0,0,0,0	//NJ_KASUMIKIRI
529,0,0,10,0,0,0,99,0,0,none,SC_HIDING,0,0,0,0,0,0,0,0,0,0,0,0,0,0,0,0,0,0,0,0,0,0						//NJ_SHADOWJUMP
530,0,0,14:16:18:20:22,0,0,0,99,0,0,none,SC_HIDING,0,0,0,0,0,0,0,0,0,0,0,0,0,0,0,0,0,0,0,0,0,0			//NJ_KIRIKAGE
531,0,0,12:15:18:21:24,0,0,0,99,0,0,none,0,0,0,0,0,0,0,0,0,0,0,0,0,0,0,0,0,0,0,0,0,0,0					//NJ_UTSUSEMI
532,0,0,30:32:34:36:38:40:42:44:46:48,0,0,0,99,0,0,none,0,0,7524,1,0,0,0,0,0,0,0,0,0,0,0,0,0,0,0,0,0,0,0	//NJ_BUNSINJYUTSU
533,0,0,10,0,0,0,99,0,0,none,0,0,0,0,0,0,0,0,0,0,0,0,0,0,0,0,0,0,0,0,0,0,0								//NJ_NINPOU
534,0,0,18:20:22:24:26:28:30:32:34:36,0,0,0,99,0,0,none,0,0,0,0,0,0,0,0,0,0,0,0,0,0,0,0,0,0,0,0,0,0,0	//NJ_KOUENKA
535,0,0,25,0,0,0,99,0,0,none,0,0,7521,1,0,0,0,0,0,0,0,0,0,0,0,0,0,0,0,0,0,0,0							//NJ_KAENSIN
536,0,0,20:25:30:35:40,0,0,0,99,0,0,none,0,0,7521,1,0,0,0,0,0,0,0,0,0,0,0,0,0,0,0,0,0,0,0				//NJ_BAKUENRYU
537,0,0,15:18:21:24:27:30:33:36:39:42,0,0,0,99,0,0,none,0,0,0,0,0,0,0,0,0,0,0,0,0,0,0,0,0,0,0,0,0,0,0	//NJ_HYOUSENSOU
538,0,0,15:18:21:24:27:30:33:36:39:42,0,0,0,99,0,0,none,0,0,7522,1,0,0,0,0,0,0,0,0,0,0,0,0,0,0,0,0,0,0,0	//NJ_SUITON
539,0,0,40:45:50:55:60,0,0,0,99,0,0,none,0,0,7522,1,0,0,0,0,0,0,0,0,0,0,0,0,0,0,0,0,0,0,0				//NJ_HYOUSYOURAKU
540,0,0,12:14:16:18:20:22:24:26:28:30,0,0,0,99,0,0,none,0,0,0,0,0,0,0,0,0,0,0,0,0,0,0,0,0,0,0,0,0,0,0	//NJ_HUUJIN
541,0,0,16:20:24:28:32,0,0,0,99,0,0,none,0,0,7523,1,0,0,0,0,0,0,0,0,0,0,0,0,0,0,0,0,0,0,0				//NJ_RAIGEKISAI
542,0,0,24:28:32:36:40,0,0,0,99,0,0,none,0,0,7523,1,0,0,0,0,0,0,0,0,0,0,0,0,0,0,0,0,0,0,0				//NJ_KAMAITACHI
543,0,0,20:30:40:50:60,-5,0,0,99,0,0,none,0,0,0,0,0,0,0,0,0,0,0,0,0,0,0,0,0,0,0,0,0,0,0					//NJ_NEN
544,0,0,55:60:65:70:75:80:85:90:95:100,0,0,0,99,0,0,none,0,0,0,0,0,0,0,0,0,0,0,0,0,0,0,0,0,0,0,0,0,0,0	//NJ_ISSEN

688,0,0,1,0,0,0,99,0,0,none,0,0,0,0,0,0,0,0,0,0,0,0,0,0,0,0,0,0,0,0,0,0,0								//GM_SANDMAN
698,0,0,1,0,0,0,99,0,0,none,0,0,0,0,0,0,0,0,0,0,0,0,0,0,0,0,0,0,0,0,0,0,0								//ALL_WEWISH

1001,0,0,40,0,0,0,99,0,0,none,0,0,0,0,0,0,0,0,0,0,0,0,0,0,0,0,0,0,0,0,0,0,0								//KN_CHARGEATK
1002,0,0,15,0,0,0,99,0,0,shield,0,0,0,0,0,0,0,0,0,0,0,0,0,0,0,0,0,0,0,0,0,0,0							//CR_SHRINK
1004,0,0,15,0,0,0,99,2,1,none,0,0,0,0,0,0,0,0,0,0,0,0,0,0,0,0,0,0,0,0,0,0,0								//AS_VENOMKNIFE
1005,0,0,25,0,0,0,99,0,0,none,0,0,0,0,0,0,0,0,0,0,0,0,0,0,0,0,0,0,0,0,0,0,0								//RG_CLOSECONFINE
1006,0,0,40,0,0,0,99,0,0,none,0,0,0,0,0,0,0,0,0,0,0,0,0,0,0,0,0,0,0,0,0,0,0								//WZ_SIGHTBLASTER
1007,0,0,30,0,0,0,99,0,0,none,0,0,0,0,0,0,0,0,0,0,0,0,0,0,0,0,0,0,0,0,0,0,0								//SA_CREATECON
1008,0,0,30,0,0,0,99,0,0,none,0,0,12115,1,0,0,0,0,0,0,0,0,0,0,0,0,0,0,0,0,0,0,0							//SA_ELEMENTWATER
1009,0,0,10,0,0,0,11,0,0,none,0,0,0,0,0,0,0,0,0,0,0,0,0,0,0,0,0,0,0,0,0,0,0								//HT_PHANTASMIC
1010,0,0,20,0,0,0,99,0,0,none,0,0,0,0,0,0,0,0,0,0,0,0,0,0,0,0,0,0,0,0,0,0,0								//BA_PANGVOICE
1011,0,0,40,0,0,0,99,0,0,none,0,0,0,0,0,0,0,0,0,0,0,0,0,0,0,0,0,0,0,0,0,0,0								//DC_WINKCHARM
1013,0,0,10,0,0,0,99,0,0,none,0,0,0,0,0,0,0,0,0,0,0,0,0,0,0,0,0,0,0,0,0,0,0								//BS_GREED
1014,0,0,400,0,0,0,99,0,0,none,0,0,0,0,0,0,0,0,0,0,0,0,0,0,0,0,0,0,0,0,0,0,0							//PR_REDEMPTIO
1015,0,0,40,0,0,0,99,0,0,none,0,1,0,0,0,0,0,0,0,0,0,0,0,0,0,0,0,0,0,0,0,0,0								//MO_KITRANSLATION
1016,10,0,20,0,0,0,99,0,0,none,0,0,0,0,0,0,0,0,0,0,0,0,0,0,0,0,0,0,0,0,0,0,0							//MO_BALKYOUNG
1017,0,0,30,0,0,0,99,0,0,none,0,0,12116,1,0,0,0,0,0,0,0,0,0,0,0,0,0,0,0,0,0,0,0							//SA_ELEMENTGROUND
1018,0,0,30,0,0,0,99,0,0,none,0,0,12114,1,0,0,0,0,0,0,0,0,0,0,0,0,0,0,0,0,0,0,0							//SA_ELEMENTFIRE
1019,0,0,30,0,0,0,99,0,0,none,0,0,12117,1,0,0,0,0,0,0,0,0,0,0,0,0,0,0,0,0,0,0,0							//SA_ELEMENTWIND

// Copied Bard / Dancer Skills
//3036,0,0,1,0,0,0,99,0,0,none,0,0,0,0,0,0,0,0,0,0,0,0,0,0,0,0,0,0,0,0,0,0,0							//BA_POEMBRAGI2
//3037,0,0,1,0,0,0,99,0,0,none,0,0,0,0,0,0,0,0,0,0,0,0,0,0,0,0,0,0,0,0,0,0,0							//DC_FORTUNEKISS2

8001,0,0,13:16:19:22:25,0,0,0,99,0,0,none,0,0,545,1,0,0,0,0,0,0,0,0,0,0,0,0,0,0,0,0,0,0,0				//HLIF_HEAL
8002,0,0,20:25:30:35:40,0,0,0,99,0,0,none,0,0,0,0,0,0,0,0,0,0,0,0,0,0,0,0,0,0,0,0,0,0,0					//HLIF_AVOID
8004,0,0,100,0,0,0,99,0,0,none,0,0,0,0,0,0,0,0,0,0,0,0,0,0,0,0,0,0,0,0,0,0,0							//HLIF_CHANGE
8005,0,0,10,0,0,0,99,0,0,none,0,0,0,0,0,0,0,0,0,0,0,0,0,0,0,0,0,0,0,0,0,0,0								//HAMI_CASTLE
8006,0,0,20:25:30:35:40,0,0,0,99,0,0,none,0,0,0,0,0,0,0,0,0,0,0,0,0,0,0,0,0,0,0,0,0,0,0					//HAMI_DEFENCE
8008,0,0,120,0,0,0,99,0,0,none,0,0,0,0,0,0,0,0,0,0,0,0,0,0,0,0,0,0,0,0,0,0,0							//HAMI_BLOODLUST
8009,0,0,4:8:12:16:20,0,0,0,99,0,0,none,0,0,0,0,0,0,0,0,0,0,0,0,0,0,0,0,0,0,0,0,0,0,0					//HFLI_MOON
8010,0,0,30:40:50:60:70,0,0,0,99,0,0,none,0,0,0,0,0,0,0,0,0,0,0,0,0,0,0,0,0,0,0,0,0,0,0					//HFLI_FLEET
8011,0,0,30:40:50:60:70,0,0,0,99,0,0,none,0,0,0,0,0,0,0,0,0,0,0,0,0,0,0,0,0,0,0,0,0,0,0					//HFLI_SPEED
8012,0,0,1,0,0,0,99,0,0,none,0,0,0,0,0,0,0,0,0,0,0,0,0,0,0,0,0,0,0,0,0,0,0								//HFLI_SBR44
8013,0,0,22:24:26:28:30,0,0,0,99,0,0,none,0,0,0,0,0,0,0,0,0,0,0,0,0,0,0,0,0,0,0,0,0,0,0					//HVAN_CAPRICE
8014,0,0,40,0,0,0,99,0,0,none,0,0,0,0,0,0,0,0,0,0,0,0,0,0,0,0,0,0,0,0,0,0,0								//HVAN_CHAOTIC
8016,0,0,1,0,0,0,99,0,0,none,0,0,0,0,0,0,0,0,0,0,0,0,0,0,0,0,0,0,0,0,0,0,0								//HVAN_EXPLOSION
8018,0,0,60:80:100:120:140,0,0,0,99,0,0,none,0,0,0,0,0,0,0,0,0,0,0,0,0,0,0,0,0,0,0,0,0,0,0				//MH_SUMMON_LEGION
8019,0,0,48:60:72:84:96,0,0,0,99,0,0,none,0,0,0,0,0,0,0,0,0,0,0,0,0,0,0,0,0,0,0,0,0,0,0					//MH_NEEDLE_OF_PARALYZE
8020,0,0,65:75:85:95:105,0,0,0,99,0,0,none,0,0,0,0,0,0,0,0,0,0,0,0,0,0,0,0,0,0,0,0,0,0,0				//MH_POISON_MIST
8021,0,0,48:52:56:60:64,0,0,0,99,0,0,none,0,0,0,0,0,0,0,0,0,0,0,0,0,0,0,0,0,0,0,0,0,0,0					//MH_PAIN_KILLER
8022,0,0,40:50:60:70:80,0,0,0,99,0,0,none,0,0,0,0,0,0,0,0,0,0,0,0,0,0,0,0,0,0,0,0,0,0,0					//MH_LIGHT_OF_REGENE
8023,0,0,70:90:110:130:150,0,0,0,99,0,0,none,0,0,0,0,0,0,0,0,0,0,0,0,0,0,0,0,0,0,0,0,0,0,0				//MH_OVERED_BOOST
8024,0,0,25:30:35:40:45,0,0,0,99,0,0,none,0,0,0,0,0,0,0,0,0,0,0,0,0,0,0,0,0,0,0,0,0,0,0					//MH_ERASER_CUTTER
8025,0,0,90:100:110:120:130,0,0,0,99,0,0,none,0,0,0,0,0,0,0,0,0,0,0,0,0,0,0,0,0,0,0,0,0,0,0				//MH_XENO_SLASHER
8026,0,0,45:54:63:72:81,0,0,0,99,0,0,none,0,0,0,0,0,0,0,0,0,0,0,0,0,0,0,0,0,0,0,0,0,0,0					//MH_SILENT_BREEZE
8027,0,0,35,0,0,0,99,0,0,none,0,0,0,0,0,0,0,0,0,0,0,0,0,0,0,0,0,0,0,0,0,0,0								//MH_STYLE_CHANGE
8028,0,0,20:25:30:35:40,0,0,0,99,0,0,none,0,1,0,0,0,0,0,0,0,0,0,0,0,0,0,0,0,0,0,0,0,0,0					//MH_SONIC_CRAW
8029,0,0,10:15:20:25:30,0,0,0,99,0,0,none,0,1,0,0,0,0,0,0,0,0,0,0,0,0,0,0,0,0,0,0,0,0,0					//MH_SILVERVEIN_RUSH
8030,0,0,8:16:24:32:40,0,0,0,99,0,0,none,0,2,0,0,0,0,0,0,0,0,0,0,0,0,0,0,0,0,0,0,0,0,0					//MH_MIDNIGHT_FRENZY
8031,0,0,40:45:50:55:60,0,0,0,99,0,0,none,0,0,0,0,0,0,0,0,0,0,0,0,0,0,0,0,0,0,0,0,0,0,0					//MH_STAHL_HORN
8032,0,0,60:65:70:75:80,0,0,0,99,0,0,none,0,0,0,0,0,0,0,0,0,0,0,0,0,0,0,0,0,0,0,0,0,0,0					//MH_GOLDENE_FERSE
8033,0,0,80:90:100:110:120,0,0,0,99,0,0,none,0,0,0,0,0,0,0,0,0,0,0,0,0,0,0,0,0,0,0,0,0,0,0				//MH_STEINWAND
8034,0,0,60:68:76:84:100,0,0,0,99,0,0,none,0,0,0,0,0,0,0,0,0,0,0,0,0,0,0,0,0,0,0,0,0,0,0				//MH_HEILIGE_STANGE
8035,0,0,60:65:70:75:80,0,0,0,99,0,0,none,0,0,0,0,0,0,0,0,0,0,0,0,0,0,0,0,0,0,0,0,0,0,0					//MH_ANGRIFFS_MODUS
8036,0,0,20:25:30:35:40,0,0,0,99,0,0,none,0,1,0,0,0,0,0,0,0,0,0,0,0,0,0,0,0,0,0,0,0,0,0					//MH_TINDER_BREAKER
8037,0,0,10:20:30:40:50,0,0,0,99,0,0,none,0,1,0,0,0,0,0,0,0,0,0,0,0,0,0,0,0,0,0,0,0,0,0					//MH_CBC
8038,0,0,24:28:32:36:40,0,0,0,99,0,0,none,0,2,0,0,0,0,0,0,0,0,0,0,0,0,0,0,0,0,0,0,0,0,0					//MH_EQC
8039,0,0,34:38:42:46:50,0,0,0,99,0,0,none,0,0,0,0,0,0,0,0,0,0,0,0,0,0,0,0,0,0,0,0,0,0,0					//MH_MAGMA_FLOW
8040,0,0,54:58:62:66:70,0,0,0,99,0,0,none,0,0,0,0,0,0,0,0,0,0,0,0,0,0,0,0,0,0,0,0,0,0,0					//MH_GRANITIC_ARMOR
8041,0,0,30:35:40:45:50,0,0,0,99,0,0,none,0,0,0,0,0,0,0,0,0,0,0,0,0,0,0,0,0,0,0,0,0,0,0					//MH_LAVA_SLIDE
8042,0,0,20:28:36:44:52,0,0,0,99,0,0,none,0,0,0,0,0,0,0,0,0,0,0,0,0,0,0,0,0,0,0,0,0,0,0					//MH_PYROCLASTIC
8043,0,0,60:65:70:75:80,0,0,0,99,0,0,none,0,0,0,0,0,0,0,0,0,0,0,0,0,0,0,0,0,0,0,0,0,0,0					//MH_VOLCANIC_ASH

8201,0,0,8:8:8:8:8:15:15:15:15:15,0,0,0,0:1:2:3:4:5:6:7:8:9:10:12:13:14:15:16:17:18:19:20:21:22,0,0,none,0,0,0,0,0,0,0,0,0,0,0,0,0,0,0,0,0,0,0,0,0,0,0	//MS_BASH
8202,20:20:19:19:18:18:17:17:16:16,0,30,0,0,0,99,0,0,none,0,0,0,0,0,0,0,0,0,0,0,0,0,0,0,0,0,0,0,0,0,0,0	//MS_MAGNUM
8203,0,0,13:14:15:16:17:18:19:20:21:22,0,0,0,99,0,0,none,0,0,0,0,0,0,0,0,0,0,0,0,0,0,0,0,0,0,0,0,0,0,0	//MS_BOWLINGBASH
8204,0,0,50,0,0,0,99,0,0,none,0,0,0,0,0,0,0,0,0,0,0,0,0,0,0,0,0,0,0,0,0,0,0								//MS_PARRYING
8205,0,0,35:40:45:50:55:60:65:70:75:80,0,0,0,99,0,0,none,0,0,0,0,0,0,0,0,0,0,0,0,0,0,0,0,0,0,0,0,0,0,0	//MS_REFLECTSHIELD
8206,0,0,100,0,0,0,99,0,0,none,0,0,0,0,0,0,0,0,0,0,0,0,0,0,0,0,0,0,0,0,0,0,0							//MS_BERSERK
8207,0,0,12,0,0,0,99,1,1,none,0,0,0,0,0,0,0,0,0,0,0,0,0,0,0,0,0,0,0,0,0,0,0								//MA_DOUBLE
8208,0,0,15,0,0,0,99,1,1,none,0,0,0,0,0,0,0,0,0,0,0,0,0,0,0,0,0,0,0,0,0,0,0								//MA_SHOWER
8209,0,0,10,0,0,0,99,0,0,none,0,0,0,0,0,0,0,0,0,0,0,0,0,0,0,0,0,0,0,0,0,0,0								//MA_SKIDTRAP
8210,0,0,10,0,0,0,99,0,0,none,0,0,0,0,0,0,0,0,0,0,0,0,0,0,0,0,0,0,0,0,0,0,0								//MA_LANDMINE
8211,0,0,12,0,0,0,99,0,0,none,0,0,0,0,0,0,0,0,0,0,0,0,0,0,0,0,0,0,0,0,0,0,0								//MA_SANDMAN
8212,0,0,10,0,0,0,99,0,0,none,0,0,0,0,0,0,0,0,0,0,0,0,0,0,0,0,0,0,0,0,0,0,0								//MA_FREEZINGTRAP
8213,0,0,5,0,0,0,99,0,0,none,0,0,0,0,0,0,0,0,0,0,0,0,0,0,0,0,0,0,0,0,0,0,0								//MA_REMOVETRAP
8214,0,0,15,0,0,0,99,1,1,none,0,0,0,0,0,0,0,0,0,0,0,0,0,0,0,0,0,0,0,0,0,0,0								//MA_CHARGEARROW
8215,0,0,18:21:24:27:30,0,0,0,99,1,1,none,0,0,0,0,0,0,0,0,0,0,0,0,0,0,0,0,0,0,0,0,0,0,0					//MA_SHARPSHOOTING
8216,0,0,7,0,0,0,99,0,0,none,0,0,0,0,0,0,0,0,0,0,0,0,0,0,0,0,0,0,0,0,0,0,0								//ML_PIERCE
8217,0,0,12,0,0,0,99,0,0,none,0,0,0,0,0,0,0,0,0,0,0,0,0,0,0,0,0,0,0,0,0,0,0								//ML_BRANDISH
8218,0,0,18:21:24:27:30,0,0,0,99,0,0,none,0,0,0,0,0,0,0,0,0,0,0,0,0,0,0,0,0,0,0,0,0,0,0					//ML_SPIRALPIERCE
8219,0,0,30,0,0,0,99,0,0,shield,0,0,0,0,0,0,0,0,0,0,0,0,0,0,0,0,0,0,0,0,0,0,0							//ML_DEFENDER
8220,0,0,12:14:16:18:20:22:24:26:28:30,0,0,0,99,0,0,none,0,0,0,0,0,0,0,0,0,0,0,0,0,0,0,0,0,0,0,0,0,0,0	//ML_AUTOGUARD
8221,0,0,25,0,0,0,99,0,0,none,0,0,0,0,0,0,0,0,0,0,0,0,0,0,0,0,0,0,0,0,0,0,0								//ML_DEVOTION
8222,0,0,40,0,0,0,99,0,0,none,0,0,0,0,0,0,0,0,0,0,0,0,0,0,0,0,0,0,0,0,0,0,0								//MER_MAGNIFICAT
8223,0,0,14:18:22:26:30:34:38:42:46:50,0,0,0,99,0,0,none,0,0,0,0,0,0,0,0,0,0,0,0,0,0,0,0,0,0,0,0,0,0,0	//MER_QUICKEN
8224,0,0,10,0,0,0,99,0,0,none,0,0,0,0,0,0,0,0,0,0,0,0,0,0,0,0,0,0,0,0,0,0,0								//MER_SIGHT
8225,0,0,10,0,0,0,99,0,0,none,0,0,0,0,0,0,0,0,0,0,0,0,0,0,0,0,0,0,0,0,0,0,0								//MER_CRASH
8226,0,0,10,0,0,0,99,0,0,none,0,0,0,0,0,0,0,0,0,0,0,0,0,0,0,0,0,0,0,0,0,0,0								//MER_REGAIN
8227,0,0,10,0,0,0,99,0,0,none,0,0,0,0,0,0,0,0,0,0,0,0,0,0,0,0,0,0,0,0,0,0,0								//MER_TENDER
8228,0,0,10,0,0,0,99,0,0,none,0,0,0,0,0,0,0,0,0,0,0,0,0,0,0,0,0,0,0,0,0,0,0								//MER_BENEDICTION
8229,0,0,10,0,0,0,99,0,0,none,0,0,0,0,0,0,0,0,0,0,0,0,0,0,0,0,0,0,0,0,0,0,0								//MER_RECUPERATE
8230,0,0,10,0,0,0,99,0,0,none,0,0,0,0,0,0,0,0,0,0,0,0,0,0,0,0,0,0,0,0,0,0,0								//MER_MENTALCURE
8231,0,0,10,0,0,0,99,0,0,none,0,0,0,0,0,0,0,0,0,0,0,0,0,0,0,0,0,0,0,0,0,0,0								//MER_COMPRESS
8232,0,0,4:5:6:7:8:9:10:11:12:13,0,0,0,99,0,0,none,0,0,0,0,0,0,0,0,0,0,0,0,0,0,0,0,0,0,0,0,0,0,0		//MER_PROVOKE
8233,0,0,5,0,0,0,99,0,0,none,0,0,0,0,0,0,0,0,0,0,0,0,0,0,0,0,0,0,0,0,0,0,0								//MER_AUTOBERSERK
8234,0,0,15:17:19:21:23:25:27:29:31:33,0,0,0,99,0,0,none,0,0,0,0,0,0,0,0,0,0,0,0,0,0,0,0,0,0,0,0,0,0,0	//MER_DECAGI
8235,0,0,5,0,0,0,99,0,0,none,0,0,0,0,0,0,0,0,0,0,0,0,0,0,0,0,0,0,0,0,0,0,0								//MER_SCAPEGOAT
8236,0,0,20:20:20:20:20:18:16:14:12:10,0,0,0,99,0,0,none,0,0,0,0,0,0,0,0,0,0,0,0,0,0,0,0,0,0,0,0,0,0,0	//MER_LEXDIVINA
8237,0,0,10,0,0,0,99,0,0,none,0,0,0,0,0,0,0,0,0,0,0,0,0,0,0,0,0,0,0,0,0,0,0								//MER_ESTIMATION
8238,0,0,20:20:20:25:25:25:30:30:30:35,0,0,0,99,0,0,none,0,0,0,0,0,0,0,0,0,0,0,0,0,0,0,0,0,0,0,0,0,0,0	//MER_KYRIE
8239,0,0,28:32:36:40:44:48:52:56:60:64,0,0,0,99,0,0,none,0,0,0,0,0,0,0,0,0,0,0,0,0,0,0,0,0,0,0,0,0,0,0	//MER_BLESSING
8240,15,0,18:21:24:27:30:33:36:39:42:45,0,0,0,99,0,0,none,0,0,0,0,0,0,0,0,0,0,0,0,0,0,0,0,0,0,0,0,0,0,0	//MER_INCAGI

// Guild Skills
10010,0,0,1,0,0,0,99,0,0,none,0,0,0,0,0,0,0,0,0,0,0,0,0,0,0,0,0,0,0,0,0,0,0								//GD_BATTLEORDER
10011,0,0,1,0,0,0,99,0,0,none,0,0,0,0,0,0,0,0,0,0,0,0,0,0,0,0,0,0,0,0,0,0,0								//GD_REGENERATION
10012,0,0,1,0,0,0,99,0,0,none,0,0,0,0,0,0,0,0,0,0,0,0,0,0,0,0,0,0,0,0,0,0,0								//GD_RESTORE
10013,0,0,1,0,0,0,99,0,0,none,0,0,0,0,0,0,0,0,0,0,0,0,0,0,0,0,0,0,0,0,0,0,0								//GD_EMERGENCYCALL
